object={
	name="reeds_01_generator_1_0"
	clamp_to_water_level=no
	render_under_water=no
	generated_content=yes
	layer="grass_layer"
	pdxmesh="reeds_06_grass_mesh"
	count=85
	transform="2457.869141 0.000000 2290.283447 0.000000 0.865561 0.000000 -0.500804 1.089046 1.089046 1.089046
2471.738037 0.000000 2271.476074 0.000000 0.275578 0.000000 0.961279 0.967754 0.967754 0.967754
2463.751709 0.000000 2269.389160 0.000000 0.846547 0.000000 -0.532314 1.086886 1.086886 1.086886
2455.311035 0.000000 2259.407471 0.000000 0.142913 0.000000 0.989735 0.864585 0.864585 0.864585
2460.146729 0.000000 2287.548584 0.000000 0.774659 0.000000 0.632379 0.832500 0.832500 0.832500
2451.677246 0.000000 2269.563232 0.000000 0.761891 0.000000 0.647706 0.857522 0.857522 0.857522
2457.008545 0.000000 2286.999268 0.000000 0.021144 0.000000 0.999776 0.895543 0.895543 0.895543
2466.668945 0.000000 2267.635010 0.000000 0.661444 0.000000 0.749995 0.902608 0.902608 0.902608
2451.758301 0.000000 2272.642822 0.000000 0.326531 0.000000 -0.945187 1.268929 1.268929 1.268929
2448.135010 0.000000 2279.399658 0.000000 0.999974 0.000000 0.007240 0.998482 0.998482 0.998482
2448.912109 0.000000 2288.131348 0.000000 0.749730 0.000000 0.661743 0.904316 0.904316 0.904316
2459.521729 0.000000 2254.402588 0.000000 0.861114 0.000000 -0.508413 1.039945 1.039945 1.039945
2461.085693 0.000000 2289.893799 0.000000 0.911488 0.000000 0.411328 0.883586 0.883586 0.883586
2466.848389 0.000000 2264.535400 0.000000 0.839796 0.000000 0.542902 0.895410 0.895410 0.895410
2456.974854 0.000000 2280.532959 0.000000 0.020388 0.000000 0.999792 0.767760 0.767760 0.767760
2453.956055 0.000000 2268.988281 0.000000 0.999951 0.000000 -0.009926 1.002131 1.002131 1.002131
2463.525391 0.000000 2276.945068 0.000000 0.923743 0.000000 -0.383014 1.026495 1.026495 1.026495
2454.246094 0.000000 2261.396484 0.000000 0.771571 0.000000 0.636143 0.860571 0.860571 0.860571
2457.685303 0.000000 2284.953369 0.000000 0.167177 0.000000 -0.985927 1.105067 1.105067 1.105067
2457.418457 0.000000 2267.950684 0.000000 0.324618 0.000000 -0.945845 1.334388 1.334388 1.334388
2467.551025 0.000000 2275.702148 0.000000 0.858267 0.000000 -0.513203 1.131851 1.131851 1.131851
2449.623779 0.000000 2272.020508 0.000000 0.159528 0.000000 0.987193 0.816877 0.816877 0.816877
2473.332031 0.000000 2309.915527 0.000000 0.662334 0.000000 -0.749208 1.090912 1.090912 1.090912
2465.299561 0.000000 2260.140625 0.000000 0.445824 0.000000 0.895121 0.941873 0.941873 0.941873
2454.677734 0.000000 2282.769043 0.000000 0.455857 0.000000 -0.890053 1.120554 1.120554 1.120554
2460.450684 0.000000 2281.916748 0.000000 0.970364 0.000000 -0.241647 1.054229 1.054229 1.054229
2458.307617 0.000000 2288.430420 0.000000 0.856014 0.000000 0.516953 0.873860 0.873860 0.873860
2448.526123 0.000000 2275.156494 0.000000 0.697518 0.000000 -0.716568 1.131631 1.131631 1.131631
2455.784668 0.000000 2269.266846 0.000000 0.999853 0.000000 0.017174 0.997856 0.997856 0.997856
2452.169189 0.000000 2288.576904 0.000000 0.757509 0.000000 0.652825 0.886348 0.886348 0.886348
2456.899170 0.000000 2291.914307 0.000000 0.293296 0.000000 0.956022 0.783868 0.783868 0.783868
2449.936279 0.000000 2268.985596 0.000000 0.334904 0.000000 -0.942252 1.128898 1.128898 1.128898
2449.696289 0.000000 2273.705322 0.000000 0.916284 0.000000 0.400528 0.946502 0.946502 0.946502
2468.217041 0.000000 2268.460449 0.000000 0.986433 0.000000 0.164164 0.980650 0.980650 0.980650
2458.920654 0.000000 2269.721924 0.000000 0.315991 0.000000 0.948762 0.862767 0.862767 0.862767
2466.139160 0.000000 2266.027832 0.000000 0.864621 0.000000 -0.502424 1.060452 1.060452 1.060452
2457.799805 0.000000 2279.095947 0.000000 0.432271 0.000000 0.901744 0.873749 0.873749 0.873749
2454.468750 0.000000 2258.038330 0.000000 0.763870 0.000000 -0.645370 1.066551 1.066551 1.066551
2451.457031 0.000000 2291.624268 0.000000 0.434294 0.000000 -0.900771 1.103599 1.103599 1.103599
2467.530518 0.000000 2263.078125 0.000000 0.676399 0.000000 0.736536 0.909053 0.909053 0.909053
2469.764893 0.000000 2265.859863 0.000000 0.663567 0.000000 0.748117 0.879722 0.879722 0.879722
2461.149414 0.000000 2280.561279 0.000000 0.867298 0.000000 -0.497790 1.115773 1.115773 1.115773
2453.430420 0.000000 2279.283936 0.000000 0.774950 0.000000 -0.632022 1.122979 1.122979 1.122979
2452.937012 0.000000 2262.228516 0.000000 0.438634 0.000000 0.898666 0.841087 0.841087 0.841087
2465.640625 0.000000 2279.180420 0.000000 0.001182 0.000000 0.999999 0.749208 0.749208 0.749208
2461.260498 0.000000 2288.490723 0.000000 0.962861 0.000000 0.269997 0.924921 0.924921 0.924921
2470.301025 0.000000 2268.888672 0.000000 0.218737 0.000000 -0.975784 1.138212 1.138212 1.138212
2463.271484 0.000000 2266.081055 0.000000 0.572534 0.000000 -0.819881 1.167978 1.167978 1.167978
2463.257568 0.000000 2278.386230 0.000000 0.646041 0.000000 0.763303 0.893767 0.893767 0.893767
2457.459229 0.000000 2262.116943 0.000000 0.989035 0.000000 0.147683 0.919329 0.919329 0.919329
2454.263428 0.000000 2267.646484 0.000000 0.854472 0.000000 0.519498 0.840439 0.840439 0.840439
2455.607422 0.000000 2261.418213 0.000000 0.664683 0.000000 -0.747125 1.170619 1.170619 1.170619
2460.371338 0.000000 2286.320068 0.000000 0.987620 0.000000 0.156866 0.961462 0.961462 0.961462
2454.954590 0.000000 2279.556396 0.000000 0.868632 0.000000 -0.495459 1.069882 1.069882 1.069882
2450.549316 0.000000 2272.779785 0.000000 0.310017 0.000000 -0.950731 1.272713 1.272713 1.272713
2452.149414 0.000000 2279.432861 0.000000 0.782205 0.000000 -0.623021 1.120901 1.120901 1.120901
2459.357910 0.000000 2263.579590 0.000000 0.847353 0.000000 -0.531030 1.146749 1.146749 1.146749
2453.062012 0.000000 2267.033203 0.000000 0.953974 0.000000 0.299888 0.908754 0.908754 0.908754
2492.065674 0.000000 2284.051514 0.000000 0.573722 0.000000 0.819050 0.858632 0.858632 0.858632
2490.243652 0.000000 2287.296875 0.000000 0.916288 0.000000 0.400521 0.932100 0.932100 0.932100
2455.364746 0.000000 2288.202148 0.000000 0.344922 0.000000 -0.938631 1.222095 1.222095 1.222095
2454.740967 0.000000 2263.911865 0.000000 0.570568 0.000000 -0.821250 1.401747 1.401747 1.401747
2455.827637 0.000000 2263.936035 0.000000 0.146021 0.000000 0.989281 0.406196 0.406196 0.406196
2465.176514 0.000000 2281.900879 0.000000 0.854825 0.000000 -0.518916 1.168897 1.168897 1.168897
2461.487061 0.000000 2281.602051 0.000000 0.662249 0.000000 0.749284 0.811807 0.811807 0.811807
2475.832275 0.000000 2307.711182 0.000000 0.764588 0.000000 0.644520 0.854869 0.854869 0.854869
2454.328125 0.000000 2265.140137 0.000000 0.212860 0.000000 -0.977083 1.521453 1.521453 1.521453
2463.534668 0.000000 2265.103271 0.000000 0.165968 0.000000 0.986131 0.723082 0.723082 0.723082
2456.571289 0.000000 2267.129639 0.000000 0.148663 0.000000 0.988888 0.616703 0.616703 0.616703
2451.829346 0.000000 2270.569824 0.000000 0.653242 0.000000 0.757149 0.815583 0.815583 0.815583
2466.227051 0.000000 2277.814941 0.000000 0.468020 0.000000 -0.883718 1.419372 1.419372 1.419372
2458.452881 0.000000 2289.496094 0.000000 0.556940 0.000000 -0.830552 1.227558 1.227558 1.227558
2465.991943 0.000000 2280.051270 0.000000 0.572062 0.000000 -0.820210 1.297740 1.297740 1.297740
2461.168945 0.000000 2279.596191 0.000000 0.324017 0.000000 -0.946051 1.297387 1.297387 1.297387
2466.223877 0.000000 2276.064697 0.000000 0.766556 0.000000 -0.642177 1.269844 1.269844 1.269844
2507.087158 0.000000 2268.510498 0.000000 0.060610 0.000000 -0.998161 1.226210 1.226210 1.226210
2505.238525 0.000000 2272.177490 0.000000 0.652444 0.000000 0.757837 0.847562 0.847562 0.847562
2509.125488 0.000000 2270.726807 0.000000 0.450063 0.000000 0.892997 0.931098 0.931098 0.931098
2506.526123 0.000000 2262.350098 0.000000 0.304281 0.000000 -0.952582 1.116538 1.116538 1.116538
2500.739502 0.000000 2274.877197 0.000000 0.158109 0.000000 0.987422 0.760288 0.760288 0.760288
2495.814697 0.000000 2284.751709 0.000000 0.762678 0.000000 -0.646778 1.070238 1.070238 1.070238
2505.862793 0.000000 2273.470947 0.000000 0.055753 0.000000 -0.998445 1.268544 1.268544 1.268544
2504.444092 0.000000 2264.104492 0.000000 0.653102 0.000000 0.757270 0.841282 0.841282 0.841282
2502.197754 0.000000 2272.493164 0.000000 0.694581 0.000000 -0.719415 1.162375 1.162375 1.162375
2507.088135 0.000000 2271.337646 0.000000 0.062952 0.000000 -0.998017 1.523238 1.523238 1.523238
"}
object={
	name="reeds_01_generator_1_1"
	clamp_to_water_level=no
	render_under_water=no
	generated_content=yes
	layer="grass_layer"
	pdxmesh="reeds_07_grass_mesh"
	count=79
	transform="2462.293213 0.000000 2295.900391 0.000000 0.673734 0.000000 -0.738974 1.062280 1.062280 1.062280
2464.529297 0.000000 2265.433838 0.000000 0.592104 0.000000 0.805862 0.859625 0.859625 0.859625
2452.028320 0.000000 2266.426514 0.000000 0.463510 0.000000 0.886092 0.673798 0.673798 0.673798
2454.243896 0.000000 2285.102783 0.000000 0.427322 0.000000 -0.904099 1.084578 1.084578 1.084578
2450.453369 0.000000 2275.313721 0.000000 0.849780 0.000000 0.527137 0.952871 0.952871 0.952871
2469.379639 0.000000 2264.277100 0.000000 0.539005 0.000000 -0.842303 1.142523 1.142523 1.142523
2454.281006 0.000000 2293.249756 0.000000 0.963806 0.000000 0.266604 0.991915 0.991915 0.991915
2458.253174 0.000000 2273.125244 0.000000 0.299796 0.000000 -0.954003 1.025291 1.025291 1.025291
2459.363037 0.000000 2260.207275 0.000000 0.199529 0.000000 0.979892 0.678513 0.678513 0.678513
2467.870605 0.000000 2281.314941 0.000000 0.687467 0.000000 0.726215 0.886365 0.886365 0.886365
2461.123047 0.000000 2276.972168 0.000000 0.442599 0.000000 -0.896720 1.083307 1.083307 1.083307
2465.312256 0.000000 2293.789551 0.000000 0.418830 0.000000 -0.908065 1.048325 1.048325 1.048325
2461.112061 0.000000 2292.474609 0.000000 0.549681 0.000000 -0.835374 1.076527 1.076527 1.076527
2455.481201 0.000000 2267.057617 0.000000 0.194194 0.000000 0.980963 0.598262 0.598262 0.598262
2462.394531 0.000000 2282.227783 0.000000 0.950845 0.000000 -0.309667 1.055021 1.055021 1.055021
2467.128906 0.000000 2278.272705 0.000000 0.465024 0.000000 0.885298 0.715021 0.715021 0.715021
2454.168701 0.000000 2256.442627 0.000000 0.406510 0.000000 -0.913646 1.028764 1.028764 1.028764
2460.593506 0.000000 2270.849609 0.000000 0.967930 0.000000 0.251218 0.972739 0.972739 0.972739
2453.635986 0.000000 2263.581055 0.000000 0.660260 0.000000 -0.751037 1.120905 1.120905 1.120905
2478.686279 0.000000 2298.037842 0.000000 0.929082 0.000000 0.369873 0.969732 0.969732 0.969732
2458.906250 0.000000 2275.746826 0.000000 0.685039 0.000000 0.728506 0.959249 0.959249 0.959249
2462.601318 0.000000 2287.944092 0.000000 0.571633 0.000000 0.820509 0.851049 0.851049 0.851049
2461.178711 0.000000 2258.694092 0.000000 0.596319 0.000000 0.802747 0.948817 0.948817 0.948817
2460.169922 0.000000 2294.643066 0.000000 0.754595 0.000000 -0.656190 1.041099 1.041099 1.041099
2461.562744 0.000000 2261.111328 0.000000 0.925101 0.000000 0.379720 0.976663 0.976663 0.976663
2475.638916 0.000000 2296.073730 0.000000 0.560682 0.000000 -0.828031 1.060890 1.060890 1.060890
2449.544678 0.000000 2291.747070 0.000000 0.572687 0.000000 0.819774 0.932822 0.932822 0.932822
2446.708984 0.000000 2288.534668 0.000000 0.070688 0.000000 0.997498 0.876417 0.876417 0.876417
2460.999756 0.000000 2285.242432 0.000000 0.580980 0.000000 0.813918 0.788725 0.788725 0.788725
2461.456299 0.000000 2268.832031 0.000000 0.440763 0.000000 0.897623 0.813604 0.813604 0.813604
2493.570557 0.000000 2287.389160 0.000000 0.765600 0.000000 0.643317 0.933703 0.933703 0.933703
2459.714111 0.000000 2257.134521 0.000000 0.862741 0.000000 0.505647 0.912649 0.912649 0.912649
2462.604004 0.000000 2264.613525 0.000000 0.773116 0.000000 0.634265 0.864493 0.864493 0.864493
2462.593994 0.000000 2271.205811 0.000000 0.140348 0.000000 -0.990102 1.142801 1.142801 1.142801
2471.281006 0.000000 2266.273926 0.000000 0.910247 0.000000 -0.414065 1.051159 1.051159 1.051159
2459.578857 0.000000 2291.223633 0.000000 0.902807 0.000000 -0.430046 1.059930 1.059930 1.059930
2464.485352 0.000000 2288.222900 0.000000 0.289309 0.000000 -0.957236 1.079720 1.079720 1.079720
2446.524902 0.000000 2278.327393 0.000000 0.951413 0.000000 -0.307917 1.040634 1.040634 1.040634
2466.548096 0.000000 2274.066406 0.000000 0.084574 0.000000 0.996417 0.636403 0.636403 0.636403
2455.963623 0.000000 2285.495605 0.000000 0.409624 0.000000 -0.912254 1.086038 1.086038 1.086038
2452.505371 0.000000 2268.069092 0.000000 0.331285 0.000000 0.943531 0.735243 0.735243 0.735243
2459.409424 0.000000 2289.615479 0.000000 0.970583 0.000000 0.240765 0.943545 0.943545 0.943545
2456.525879 0.000000 2265.863037 0.000000 0.315119 0.000000 -0.949052 1.549335 1.549335 1.549335
2461.685059 0.000000 2286.722900 0.000000 0.467791 0.000000 0.883839 0.734785 0.734785 0.734785
2458.592529 0.000000 2266.918213 0.000000 0.922856 0.000000 0.385144 0.923998 0.923998 0.923998
2480.049316 0.000000 2298.387451 0.000000 0.990506 0.000000 0.137468 0.978310 0.978310 0.978310
2456.474854 0.000000 2290.274658 0.000000 0.285175 0.000000 -0.958476 1.217572 1.217572 1.217572
2462.259033 0.000000 2284.541748 0.000000 0.782466 0.000000 0.622693 0.914415 0.914415 0.914415
2469.735596 0.000000 2262.794678 0.000000 1.000000 0.000000 -0.000167 1.000019 1.000019 1.000019
2460.190186 0.000000 2269.305176 0.000000 0.565849 0.000000 0.824509 0.837861 0.837861 0.837861
2448.324219 0.000000 2271.710449 0.000000 0.422453 0.000000 -0.906385 1.158631 1.158631 1.158631
2458.427979 0.000000 2261.244141 0.000000 0.841483 0.000000 -0.540284 1.133947 1.133947 1.133947
2467.882812 0.000000 2276.985352 0.000000 0.985536 0.000000 -0.169469 1.065897 1.065897 1.065897
2468.089111 0.000000 2264.428467 0.000000 0.995352 0.000000 0.096304 0.986274 0.986274 0.986274
2490.911377 0.000000 2286.022949 0.000000 0.838887 0.000000 -0.544306 1.094836 1.094836 1.094836
2465.640381 0.000000 2264.885254 0.000000 0.434772 0.000000 -0.900541 1.167920 1.167920 1.167920
2458.360107 0.000000 2291.471191 0.000000 0.416096 0.000000 -0.909321 1.153910 1.153910 1.153910
2453.128906 0.000000 2269.878174 0.000000 0.324221 0.000000 0.945981 0.733638 0.733638 0.733638
2457.466797 0.000000 2266.569336 0.000000 0.427857 0.000000 -0.903846 1.304322 1.304322 1.304322
2453.256592 0.000000 2288.164307 0.000000 0.953485 0.000000 -0.301440 1.048925 1.048925 1.048925
2464.635254 0.000000 2280.605469 0.000000 0.995299 0.000000 0.096853 0.969970 0.969970 0.969970
2463.528809 0.000000 2288.921875 0.000000 0.999999 0.000000 0.001626 0.999756 0.999756 0.999756
2467.228271 0.000000 2265.790527 0.000000 0.413673 0.000000 -0.910425 1.208548 1.208548 1.208548
2459.759766 0.000000 2267.083252 0.000000 0.554070 0.000000 -0.832470 1.189072 1.189072 1.189072
2447.238770 0.000000 2277.610596 0.000000 0.971871 0.000000 0.235515 0.936490 0.936490 0.936490
2458.047363 0.000000 2278.127197 0.000000 0.966745 0.000000 0.255744 0.924459 0.924459 0.924459
2455.883301 0.000000 2260.463623 0.000000 0.869301 0.000000 0.494283 0.895450 0.895450 0.895450
2451.886475 0.000000 2271.666992 0.000000 0.986134 0.000000 -0.165951 1.035796 1.035796 1.035796
2452.593506 0.000000 2269.078369 0.000000 0.782969 0.000000 0.622061 0.855854 0.855854 0.855854
2463.703857 0.000000 2280.745361 0.000000 0.645202 0.000000 -0.764012 1.280029 1.280029 1.280029
2461.125244 0.000000 2287.498047 0.000000 0.830571 0.000000 -0.556913 1.144513 1.144513 1.144513
2457.814209 0.000000 2260.714844 0.000000 0.694497 0.000000 0.719496 0.721316 0.721316 0.721316
2507.468750 0.000000 2272.186768 0.000000 0.743757 0.000000 -0.668450 1.036556 1.036556 1.036556
2498.868652 0.000000 2274.770996 0.000000 0.744468 0.000000 -0.667659 1.054754 1.054754 1.054754
2504.820068 0.000000 2265.433594 0.000000 0.985485 0.000000 -0.169764 1.031516 1.031516 1.031516
2509.802246 0.000000 2269.082031 0.000000 0.669406 0.000000 -0.742897 1.156793 1.156793 1.156793
2506.194092 0.000000 2269.351074 0.000000 0.547065 0.000000 -0.837090 1.148586 1.148586 1.148586
2501.882324 0.000000 2274.825195 0.000000 0.992315 0.000000 0.123738 0.978940 0.978940 0.978940
2504.302734 0.000000 2273.042236 0.000000 0.921464 0.000000 0.388464 0.929282 0.929282 0.929282
"}
object={
	name="reeds_01_generator_1_2"
	clamp_to_water_level=no
	render_under_water=no
	generated_content=yes
	layer="grass_layer"
	pdxmesh="reeds_01_tall_grass_mesh"
	count=163
	transform="2459.515625 0.000000 2283.678711 0.000000 0.373007 0.000000 0.927828 0.925818 0.925818 0.925818
2451.143311 0.000000 2290.090820 0.000000 0.835670 0.000000 -0.549232 1.053709 1.053709 1.053709
2456.520020 0.000000 2263.120117 0.000000 0.813586 0.000000 -0.581445 1.337707 1.337707 1.337707
2462.333252 0.000000 2273.213867 0.000000 0.501809 0.000000 -0.864979 1.039137 1.039137 1.039137
2457.807373 0.000000 2256.325195 0.000000 0.518452 0.000000 -0.855107 1.140847 1.140847 1.140847
2457.104492 0.000000 2277.597412 0.000000 0.884964 0.000000 0.465660 0.978233 0.978233 0.978233
2493.220459 0.000000 2284.354980 0.000000 0.647018 0.000000 0.762475 0.872275 0.872275 0.872275
2464.146973 0.000000 2279.503662 0.000000 0.347138 0.000000 0.937814 0.805664 0.805664 0.805664
2467.773438 0.000000 2270.396973 0.000000 0.235116 0.000000 0.971967 0.933419 0.933419 0.933419
2463.858643 0.000000 2290.066406 0.000000 0.414071 0.000000 -0.910244 1.171344 1.171344 1.171344
2459.448975 0.000000 2268.084473 0.000000 0.981382 0.000000 -0.192068 1.021230 1.021230 1.021230
2447.770752 0.000000 2285.708008 0.000000 0.828865 0.000000 0.559449 0.992589 0.992589 0.992589
2448.565918 0.000000 2270.246338 0.000000 0.896060 0.000000 0.443933 0.935691 0.935691 0.935691
2475.547363 0.000000 2309.896729 0.000000 0.998032 0.000000 0.062711 0.992167 0.992167 0.992167
2460.555664 0.000000 2264.067871 0.000000 0.540084 0.000000 -0.841611 1.164815 1.164815 1.164815
2463.245361 0.000000 2285.548584 0.000000 0.876460 0.000000 0.481474 0.936041 0.936041 0.936041
2454.608643 0.000000 2280.768555 0.000000 0.361465 0.000000 -0.932386 1.095944 1.095944 1.095944
2447.530762 0.000000 2290.613770 0.000000 0.216555 0.000000 -0.976270 1.060779 1.060779 1.060779
2461.625244 0.000000 2256.332031 0.000000 0.976087 0.000000 -0.217382 1.014771 1.014771 1.014771
2481.334961 0.000000 2297.576416 0.000000 0.998685 0.000000 0.051259 0.992959 0.992959 0.992959
2447.205566 0.000000 2276.591309 0.000000 0.819287 0.000000 0.573383 0.836882 0.836882 0.836882
2454.339600 0.000000 2288.859131 0.000000 0.996601 0.000000 0.082382 0.984969 0.984969 0.984969
2459.649414 0.000000 2280.143799 0.000000 0.727586 0.000000 0.686017 0.875432 0.875432 0.875432
2451.085449 0.000000 2286.634033 0.000000 0.527529 0.000000 0.849537 0.868218 0.868218 0.868218
2469.698730 0.000000 2267.613281 0.000000 0.932867 0.000000 0.360222 0.945720 0.945720 0.945720
2452.389893 0.000000 2278.123047 0.000000 0.981663 0.000000 -0.190623 1.034476 1.034476 1.034476
2491.459961 0.000000 2287.222656 0.000000 0.729207 0.000000 0.684293 0.875822 0.875822 0.875822
2475.740479 0.000000 2306.662109 0.000000 0.120480 0.000000 -0.992716 1.300464 1.300464 1.300464
2468.334473 0.000000 2273.469971 0.000000 0.986529 0.000000 -0.163589 1.025436 1.025436 1.025436
2456.602539 0.000000 2283.091553 0.000000 0.219714 0.000000 -0.975564 1.192006 1.192006 1.192006
2463.270508 0.000000 2262.633057 0.000000 0.278310 0.000000 0.960491 0.839127 0.839127 0.839127
2494.471680 0.000000 2281.570557 0.000000 0.933004 0.000000 0.359867 0.988971 0.988971 0.988971
2465.327637 0.000000 2283.041992 0.000000 0.928672 0.000000 -0.370903 1.044586 1.044586 1.044586
2458.027588 0.000000 2265.537842 0.000000 0.117723 0.000000 0.993046 0.644556 0.644556 0.644556
2448.021729 0.000000 2273.354736 0.000000 0.418595 0.000000 -0.908173 1.147852 1.147852 1.147852
2462.086670 0.000000 2266.795166 0.000000 0.229392 0.000000 0.973334 0.765938 0.765938 0.765938
2455.264648 0.000000 2291.080078 0.000000 0.824218 0.000000 -0.566272 1.057109 1.057109 1.057109
2449.810791 0.000000 2277.682617 0.000000 0.274639 0.000000 -0.961547 1.516319 1.516319 1.516319
2471.724365 0.000000 2269.044434 0.000000 0.276387 0.000000 -0.961046 1.132121 1.132121 1.132121
2458.859375 0.000000 2262.480713 0.000000 0.744685 0.000000 0.667416 0.808447 0.808447 0.808447
2454.670410 0.000000 2278.337158 0.000000 0.507346 0.000000 -0.861742 1.140030 1.140030 1.140030
2463.494385 0.000000 2292.387695 0.000000 0.701173 0.000000 -0.712991 1.095119 1.095119 1.095119
2457.473145 0.000000 2258.804199 0.000000 0.888298 0.000000 -0.459267 1.102450 1.102450 1.102450
2483.031250 0.000000 2296.073242 0.000000 0.614710 0.000000 -0.788753 1.077139 1.077139 1.077139
2453.038086 0.000000 2291.423828 0.000000 0.804754 0.000000 -0.593608 1.065052 1.065052 1.065052
2461.986084 0.000000 2279.107910 0.000000 0.948681 0.000000 -0.316234 1.077115 1.077115 1.077115
2456.883057 0.000000 2260.891846 0.000000 0.137199 0.000000 0.990544 0.502663 0.502663 0.502663
2469.895996 0.000000 2270.292480 0.000000 0.953222 0.000000 -0.302270 1.049831 1.049831 1.049831
2459.290039 0.000000 2278.051270 0.000000 0.982699 0.000000 -0.185209 1.054413 1.054413 1.054413
2455.322998 0.000000 2264.867676 0.000000 0.977063 0.000000 0.212952 0.917495 0.917495 0.917495
2453.189453 0.000000 2286.994141 0.000000 0.998398 0.000000 -0.056582 1.005229 1.005229 1.005229
2465.731689 0.000000 2280.982178 0.000000 0.359971 0.000000 0.932964 0.627721 0.627721 0.627721
2468.267090 0.000000 2266.166016 0.000000 0.979627 0.000000 -0.200823 1.029783 1.029783 1.029783
2460.143311 0.000000 2266.130127 0.000000 0.120122 0.000000 -0.992759 1.260709 1.260709 1.260709
2458.494873 0.000000 2281.962891 0.000000 0.689650 0.000000 0.724143 0.866569 0.866569 0.866569
2464.058838 0.000000 2267.379883 0.000000 0.113651 0.000000 0.993521 0.847237 0.847237 0.847237
2456.302979 0.000000 2288.874756 0.000000 0.402694 0.000000 -0.915335 1.167438 1.167438 1.167438
2495.067139 0.000000 2285.004150 0.000000 0.978402 0.000000 -0.206712 1.020793 1.020793 1.020793
2451.946533 0.000000 2284.838135 0.000000 0.210833 0.000000 -0.977522 1.084781 1.084781 1.084781
2451.854492 0.000000 2264.495361 0.000000 0.738756 0.000000 -0.673973 1.042467 1.042467 1.042467
2465.092773 0.000000 2263.603760 0.000000 0.599520 0.000000 0.800360 0.900389 0.900389 0.900389
2463.431396 0.000000 2294.361328 0.000000 0.344342 0.000000 -0.938844 1.091318 1.091318 1.091318
2455.059082 0.000000 2287.069580 0.000000 0.627291 0.000000 0.778785 0.888563 0.888563 0.888563
2481.004883 0.000000 2299.433838 0.000000 0.933598 0.000000 0.358323 0.942360 0.942360 0.942360
2453.914307 0.000000 2266.081543 0.000000 0.893851 0.000000 -0.448364 1.139288 1.139288 1.139288
2463.444580 0.000000 2283.762695 0.000000 0.969412 0.000000 -0.245438 1.043335 1.043335 1.043335
2452.741699 0.000000 2271.018311 0.000000 0.705502 0.000000 -0.708708 1.064893 1.064893 1.064893
2449.310303 0.000000 2289.898438 0.000000 0.999631 0.000000 -0.027167 1.003595 1.003595 1.003595
2491.187256 0.000000 2288.986084 0.000000 0.974136 0.000000 0.225964 0.984067 0.984067 0.984067
2451.853027 0.000000 2276.440674 0.000000 0.236606 0.000000 0.971606 0.903569 0.903569 0.903569
2477.217529 0.000000 2296.905273 0.000000 0.368421 0.000000 0.929659 0.812285 0.812285 0.812285
2450.914795 0.000000 2279.229492 0.000000 0.796328 0.000000 0.604866 0.914047 0.914047 0.914047
2468.981201 0.000000 2271.785889 0.000000 0.945469 0.000000 0.325713 0.946163 0.946163 0.946163
2464.080566 0.000000 2281.693604 0.000000 0.130705 0.000000 -0.991421 1.445696 1.445696 1.445696
2461.238525 0.000000 2283.572754 0.000000 0.996219 0.000000 -0.086880 1.013030 1.013030 1.013030
2462.390625 0.000000 2291.025879 0.000000 0.225143 0.000000 -0.974326 1.201278 1.201278 1.201278
2492.579102 0.000000 2285.900391 0.000000 0.986342 0.000000 -0.164708 1.024372 1.024372 1.024372
2462.779053 0.000000 2280.572266 0.000000 0.995878 0.000000 0.090700 0.970749 0.970749 0.970749
2451.043701 0.000000 2271.173340 0.000000 0.240540 0.000000 -0.970639 1.285099 1.285099 1.285099
2458.088379 0.000000 2263.915039 0.000000 0.697664 0.000000 0.716425 0.790640 0.790640 0.790640
2456.114258 0.000000 2279.158936 0.000000 0.801929 0.000000 0.597420 0.928068 0.928068 0.928068
2460.552979 0.000000 2262.404053 0.000000 0.941039 0.000000 -0.338299 1.039633 1.039633 1.039633
2476.721436 0.000000 2294.787842 0.000000 0.264707 0.000000 0.964329 0.778813 0.778813 0.778813
2450.891113 0.000000 2267.666748 0.000000 0.927657 0.000000 0.373434 0.948406 0.948406 0.948406
2466.985840 0.000000 2279.937500 0.000000 0.155140 0.000000 0.987893 0.629068 0.629068 0.629068
2494.803711 0.000000 2283.126953 0.000000 0.624309 0.000000 0.781177 0.872418 0.872418 0.872418
2450.456055 0.000000 2288.533691 0.000000 0.977821 0.000000 -0.209441 1.033187 1.033187 1.033187
2459.021729 0.000000 2258.583008 0.000000 0.134009 0.000000 0.990980 0.748980 0.748980 0.748980
2453.136963 0.000000 2289.837158 0.000000 0.068728 0.000000 -0.997635 1.239990 1.239990 1.239990
2455.046875 0.000000 2262.701416 0.000000 0.796135 0.000000 -0.605119 1.270965 1.270965 1.270965
2466.531494 0.000000 2276.866699 0.000000 0.980612 0.000000 0.195962 0.923676 0.923676 0.923676
2448.305908 0.000000 2277.768555 0.000000 0.998600 0.000000 0.052905 0.978857 0.978857 0.978857
2461.791992 0.000000 2263.231201 0.000000 0.709954 0.000000 -0.704248 1.089733 1.089733 1.089733
2463.710449 0.000000 2286.979004 0.000000 0.810471 0.000000 -0.585779 1.096871 1.096871 1.096871
2462.769775 0.000000 2268.162109 0.000000 0.374666 0.000000 -0.927160 1.183694 1.183694 1.183694
2475.172119 0.000000 2308.503662 0.000000 0.797029 0.000000 0.603941 0.919057 0.919057 0.919057
2460.524658 0.000000 2278.847656 0.000000 0.639674 0.000000 0.768647 0.789877 0.789877 0.789877
2462.479980 0.000000 2289.432617 0.000000 0.100933 0.000000 -0.994893 1.220149 1.220149 1.220149
2459.320801 0.000000 2264.796387 0.000000 0.204022 0.000000 0.978966 0.665956 0.665956 0.665956
2448.991211 0.000000 2276.535400 0.000000 0.644458 0.000000 -0.764640 1.347712 1.347712 1.347712
2461.426025 0.000000 2265.530762 0.000000 0.508460 0.000000 -0.861086 1.170935 1.170935 1.170935
2460.820068 0.000000 2267.501709 0.000000 0.996810 0.000000 0.079814 0.985638 0.985638 0.985638
2451.087402 0.000000 2273.925781 0.000000 0.154469 0.000000 -0.987998 1.307491 1.307491 1.307491
2471.264648 0.000000 2267.672852 0.000000 0.740734 0.000000 0.671799 0.911726 0.911726 0.911726
2458.350830 0.000000 2280.619141 0.000000 0.224275 0.000000 -0.974526 1.221552 1.221552 1.221552
2453.256592 0.000000 2264.903564 0.000000 0.691969 0.000000 -0.721927 1.165121 1.165121 1.165121
2463.831055 0.000000 2264.046631 0.000000 0.008909 0.000000 -0.999960 1.308047 1.308047 1.308047
2449.419922 0.000000 2278.979492 0.000000 0.821054 0.000000 -0.570851 1.127408 1.127408 1.127408
2456.968994 0.000000 2264.574463 0.000000 0.704492 0.000000 0.709712 0.653280 0.653280 0.653280
2449.809814 0.000000 2270.690186 0.000000 0.936081 0.000000 -0.351784 1.050257 1.050257 1.050257
2457.987549 0.000000 2257.601807 0.000000 0.693174 0.000000 0.720770 0.889477 0.889477 0.889477
2458.013428 0.000000 2259.956543 0.000000 0.931800 0.000000 -0.362971 1.064915 1.064915 1.064915
2481.728760 0.000000 2296.331543 0.000000 0.888290 0.000000 -0.459284 1.065523 1.065523 1.065523
2469.473389 0.000000 2273.879150 0.000000 0.994826 0.000000 -0.101591 1.015752 1.015752 1.015752
2457.291992 0.000000 2282.027588 0.000000 0.388712 0.000000 0.921359 0.833283 0.833283 0.833283
2456.527832 0.000000 2259.671875 0.000000 0.611265 0.000000 0.791426 0.803946 0.803946 0.803946
2458.969238 0.000000 2256.052002 0.000000 0.263726 0.000000 0.964598 0.785151 0.785151 0.785151
2455.383057 0.000000 2289.635498 0.000000 0.887791 0.000000 0.460246 0.912836 0.912836 0.912836
2467.891846 0.000000 2279.172119 0.000000 0.267204 0.000000 -0.963640 1.340859 1.340859 1.340859
2467.695801 0.000000 2274.523193 0.000000 0.818232 0.000000 -0.574889 1.149848 1.149848 1.149848
2474.799072 0.000000 2307.320312 0.000000 0.821524 0.000000 0.570173 0.874280 0.874280 0.874280
2459.455078 0.000000 2281.332764 0.000000 0.248918 0.000000 -0.968525 1.217373 1.217373 1.217373
2454.858887 0.000000 2260.438477 0.000000 0.224141 0.000000 -0.974557 1.271933 1.271933 1.271933
2460.100830 0.000000 2288.721680 0.000000 0.890416 0.000000 0.455148 0.870231 0.870231 0.870231
2458.914062 0.000000 2279.270020 0.000000 0.403870 0.000000 -0.914816 1.337387 1.337387 1.337387
2476.747803 0.000000 2295.899902 0.000000 0.994806 0.000000 -0.101787 1.017310 1.017310 1.017310
2459.061768 0.000000 2265.896240 0.000000 0.637205 0.000000 -0.770695 1.215285 1.215285 1.215285
2455.124023 0.000000 2266.036377 0.000000 0.367602 0.000000 0.929983 0.651130 0.651130 0.651130
2450.596191 0.000000 2269.945801 0.000000 0.995771 0.000000 -0.091875 1.018605 1.018605 1.018605
2456.112061 0.000000 2258.622070 0.000000 0.365819 0.000000 -0.930686 1.256846 1.256846 1.256846
2461.393799 0.000000 2278.177734 0.000000 0.954617 0.000000 -0.297837 1.072482 1.072482 1.072482
2466.541992 0.000000 2275.268555 0.000000 0.983462 0.000000 -0.181117 1.044558 1.044558 1.044558
2460.426514 0.000000 2284.367188 0.000000 0.997363 0.000000 -0.072581 1.016141 1.016141 1.016141
2451.506348 0.000000 2268.524170 0.000000 0.243764 0.000000 0.969835 0.732149 0.732149 0.732149
2456.361572 0.000000 2262.107666 0.000000 0.734660 0.000000 0.678436 0.594192 0.594192 0.594192
2452.927002 0.000000 2265.887695 0.000000 0.997653 0.000000 -0.068466 1.014027 1.014027 1.014027
2463.110107 0.000000 2281.512451 0.000000 0.512180 0.000000 0.858878 0.667293 0.667293 0.667293
2457.951416 0.000000 2262.962402 0.000000 0.255424 0.000000 0.966829 0.285670 0.285670 0.285670
2459.682861 0.000000 2262.015625 0.000000 0.821438 0.000000 -0.570298 1.159083 1.159083 1.159083
2448.121338 0.000000 2276.170166 0.000000 0.995420 0.000000 -0.095597 1.038245 1.038245 1.038245
2466.558838 0.000000 2279.015137 0.000000 0.235832 0.000000 0.971794 0.650643 0.650643 0.650643
2446.336182 0.000000 2276.284180 0.000000 0.980710 0.000000 -0.195470 1.052554 1.052554 1.052554
2454.537842 0.000000 2266.778564 0.000000 0.372227 0.000000 0.928142 0.652584 0.652584 0.652584
2457.211914 0.000000 2263.671875 0.000000 0.405199 0.000000 0.914228 0.372156 0.372156 0.372156
2456.189941 0.000000 2264.911133 0.000000 0.904168 0.000000 0.427177 0.806066 0.806066 0.806066
2459.791992 0.000000 2279.266357 0.000000 0.601206 0.000000 -0.799094 1.270419 1.270419 1.270419
2457.199707 0.000000 2265.358154 0.000000 0.539092 0.000000 0.842247 0.559976 0.559976 0.559976
2467.118164 0.000000 2277.457764 0.000000 0.537043 0.000000 -0.843555 1.388462 1.388462 1.388462
2449.054199 0.000000 2277.338867 0.000000 0.996122 0.000000 -0.087983 1.035190 1.035190 1.035190
2495.760498 0.000000 2283.133545 0.000000 0.640815 0.000000 -0.767695 1.124549 1.124549 1.124549
2502.787842 0.000000 2275.605225 0.000000 0.892567 0.000000 0.450914 0.974307 0.974307 0.974307
2504.664551 0.000000 2267.044189 0.000000 0.486466 0.000000 -0.873699 1.100822 1.100822 1.100822
2497.307373 0.000000 2280.999023 0.000000 0.998848 0.000000 -0.047991 1.009349 1.009349 1.009349
2504.489014 0.000000 2274.204102 0.000000 0.517533 0.000000 0.855663 0.935912 0.935912 0.935912
2507.899414 0.000000 2263.861084 0.000000 0.980885 0.000000 0.194590 0.981910 0.981910 0.981910
2503.269531 0.000000 2272.537354 0.000000 0.100442 0.000000 -0.994943 1.297301 1.297301 1.297301
2511.443115 0.000000 2266.318359 0.000000 0.877233 0.000000 0.480066 0.954997 0.954997 0.954997
2506.628174 0.000000 2270.527588 0.000000 0.642921 0.000000 -0.765932 1.302772 1.302772 1.302772
2508.528564 0.000000 2269.279785 0.000000 0.090434 0.000000 0.995902 0.722838 0.722838 0.722838
2503.218018 0.000000 2266.543457 0.000000 0.739596 0.000000 -0.673051 1.145618 1.145618 1.145618
2507.829102 0.000000 2270.955322 0.000000 0.646787 0.000000 0.762671 0.698984 0.698984 0.698984
2506.353760 0.000000 2271.737061 0.000000 0.509525 0.000000 -0.860456 1.359570 1.359570 1.359570
2503.708740 0.000000 2267.448242 0.000000 0.998706 0.000000 -0.050856 1.010035 1.010035 1.010035
"}
