object={
	name="rock_lava_generator_1_0"
	clamp_to_water_level=no
	render_under_water=no
	generated_content=yes
	layer="tree_high_layer"
	pdxmesh="hardened_lava_rock_01_mesh"
	count=105
	transform="4254.891602 0.000000 2797.687500 0.000000 0.492211 0.000000 -0.870476 1.000000 1.000000 1.000000
4261.282715 0.000000 2819.419922 0.000000 0.284039 0.000000 0.958813 1.000000 1.000000 1.000000
4260.462891 0.000000 2821.827881 0.000000 0.721128 0.000000 -0.692802 1.000000 1.000000 1.000000
4177.727539 0.000000 2983.860352 0.000000 0.893513 0.000000 0.449037 1.000000 1.000000 1.000000
4108.054688 0.000000 3145.729248 0.000000 0.981548 0.000000 -0.191215 1.000000 1.000000 1.000000
4097.950195 0.000000 3162.967529 0.000000 0.949765 0.000000 -0.312963 1.000000 1.000000 1.000000
4123.939941 0.000000 3145.958252 0.000000 0.999425 0.000000 0.033917 1.000000 1.000000 1.000000
4104.070801 0.000000 3160.645264 0.000000 0.558042 0.000000 0.829813 1.000000 1.000000 1.000000
4111.743164 0.000000 3169.073975 0.000000 0.200091 0.000000 -0.979777 1.000000 1.000000 1.000000
4453.143066 0.000000 3030.543457 0.000000 0.298787 0.000000 0.954320 1.000000 1.000000 1.000000
4445.300781 0.000000 3034.338623 0.000000 0.062066 0.000000 0.998072 1.000000 1.000000 1.000000
4478.957520 0.000000 3035.462891 0.000000 0.993400 0.000000 0.114704 1.000000 1.000000 1.000000
4441.626953 0.000000 3010.142822 0.000000 0.994847 0.000000 -0.101392 1.000000 1.000000 1.000000
4470.663574 0.000000 3012.804932 0.000000 0.134148 0.000000 0.990961 1.000000 1.000000 1.000000
4450.255859 0.000000 3035.148926 0.000000 0.486785 0.000000 0.873522 1.000000 1.000000 1.000000
4466.252441 0.000000 3013.516357 0.000000 0.817401 0.000000 -0.576069 1.000000 1.000000 1.000000
4475.254395 0.000000 3037.954102 0.000000 0.080902 0.000000 -0.996722 1.000000 1.000000 1.000000
4447.002930 0.000000 3005.407959 0.000000 0.082895 0.000000 -0.996558 1.000000 1.000000 1.000000
4451.145996 0.000000 3027.037598 0.000000 0.065003 0.000000 0.997885 1.000000 1.000000 1.000000
4444.870117 0.000000 3012.333984 0.000000 0.294519 0.000000 -0.955646 1.000000 1.000000 1.000000
4469.036621 0.000000 3015.622314 0.000000 0.858338 0.000000 -0.513085 1.000000 1.000000 1.000000
4472.720703 0.000000 3010.366699 0.000000 0.410085 0.000000 0.912047 1.000000 1.000000 1.000000
4476.108887 0.000000 3035.197510 0.000000 0.361531 0.000000 0.932360 1.000000 1.000000 1.000000
4484.001465 0.000000 3021.775635 0.000000 0.815620 0.000000 -0.578588 1.000000 1.000000 1.000000
4453.325684 0.000000 3076.104736 0.000000 0.222989 0.000000 0.974821 1.000000 1.000000 1.000000
4448.287109 0.000000 3065.277588 0.000000 0.764534 0.000000 -0.644583 1.000000 1.000000 1.000000
4474.726562 0.000000 3041.337891 0.000000 0.993522 0.000000 -0.113638 1.000000 1.000000 1.000000
4427.558594 0.000000 3091.765137 0.000000 0.295227 0.000000 -0.955427 1.000000 1.000000 1.000000
4468.689941 0.000000 3045.167969 0.000000 0.965479 0.000000 -0.260482 1.000000 1.000000 1.000000
4434.211426 0.000000 3075.157471 0.000000 0.944633 0.000000 0.328128 1.000000 1.000000 1.000000
4426.241699 0.000000 3096.124756 0.000000 0.076107 0.000000 -0.997100 1.000000 1.000000 1.000000
4455.775391 0.000000 3091.830322 0.000000 0.944196 0.000000 0.329384 1.000000 1.000000 1.000000
4479.383301 0.000000 3067.538818 0.000000 0.942770 0.000000 0.333445 1.000000 1.000000 1.000000
4447.028320 0.000000 3062.476807 0.000000 0.708632 0.000000 -0.705579 1.000000 1.000000 1.000000
4474.109375 0.000000 3044.270264 0.000000 0.548594 0.000000 -0.836089 1.000000 1.000000 1.000000
4453.623047 0.000000 3083.453613 0.000000 0.221013 0.000000 -0.975271 1.000000 1.000000 1.000000
4434.036133 0.000000 3103.246338 0.000000 0.612507 0.000000 0.790465 1.000000 1.000000 1.000000
4456.645020 0.000000 3079.644043 0.000000 0.614207 0.000000 -0.789145 1.000000 1.000000 1.000000
4428.755859 0.000000 3091.445068 0.000000 0.980598 0.000000 0.196028 1.000000 1.000000 1.000000
4407.404297 0.000000 3161.068604 0.000000 0.995274 0.000000 0.097104 1.000000 1.000000 1.000000
4352.245117 0.000000 3193.216797 0.000000 0.671874 0.000000 0.740665 1.000000 1.000000 1.000000
4361.000000 0.000000 3180.930176 0.000000 0.886888 0.000000 0.461985 1.000000 1.000000 1.000000
4356.161133 0.000000 3190.043945 0.000000 0.985859 0.000000 -0.167574 1.000000 1.000000 1.000000
4362.249512 0.000000 3176.109131 0.000000 0.655099 0.000000 0.755543 1.000000 1.000000 1.000000
4372.063965 0.000000 3188.929199 0.000000 0.283265 0.000000 -0.959042 1.000000 1.000000 1.000000
4375.433594 0.000000 3186.748779 0.000000 0.923618 0.000000 -0.383314 1.000000 1.000000 1.000000
4355.798828 0.000000 3193.484375 0.000000 0.201321 0.000000 -0.979525 1.000000 1.000000 1.000000
4389.464355 0.000000 3147.441406 0.000000 0.284032 0.000000 0.958815 1.000000 1.000000 1.000000
4358.265137 0.000000 3191.708740 0.000000 0.890442 0.000000 0.455097 1.000000 1.000000 1.000000
4368.677734 0.000000 3167.959473 0.000000 0.916433 0.000000 0.400187 1.000000 1.000000 1.000000
4468.574707 0.000000 3178.891602 0.000000 0.664590 0.000000 -0.747208 1.000000 1.000000 1.000000
4453.325684 0.000000 3156.089111 0.000000 0.814396 0.000000 0.580310 1.000000 1.000000 1.000000
4429.898438 0.000000 3178.876709 0.000000 0.220930 0.000000 0.975290 1.000000 1.000000 1.000000
4448.287109 0.000000 3145.261963 0.000000 0.918526 0.000000 0.395362 1.000000 1.000000 1.000000
4469.163574 0.000000 3119.446045 0.000000 0.984243 0.000000 0.176823 1.000000 1.000000 1.000000
4459.305176 0.000000 3189.724854 0.000000 0.992278 0.000000 -0.124036 1.000000 1.000000 1.000000
4456.435547 0.000000 3191.648193 0.000000 0.807666 0.000000 0.589640 1.000000 1.000000 1.000000
4510.043457 0.000000 3095.744141 0.000000 0.943002 0.000000 -0.332787 1.000000 1.000000 1.000000
4517.135254 0.000000 3110.527832 0.000000 0.674502 0.000000 0.738273 1.000000 1.000000 1.000000
4539.839355 0.000000 3090.386475 0.000000 0.773718 0.000000 -0.633530 1.000000 1.000000 1.000000
4533.410645 0.000000 3062.847900 0.000000 0.943900 0.000000 0.330232 1.000000 1.000000 1.000000
4510.520508 0.000000 3047.086182 0.000000 0.203890 0.000000 -0.978994 1.000000 1.000000 1.000000
4511.896973 0.000000 3079.347412 0.000000 0.146300 0.000000 -0.989240 1.000000 1.000000 1.000000
4511.608398 0.000000 3089.910156 0.000000 0.965152 0.000000 0.261690 1.000000 1.000000 1.000000
4508.398438 0.000000 3048.922363 0.000000 0.130365 0.000000 -0.991466 1.000000 1.000000 1.000000
4498.771973 0.000000 3047.544922 0.000000 0.074378 0.000000 0.997230 1.000000 1.000000 1.000000
4531.277344 0.000000 3062.221191 0.000000 0.204581 0.000000 0.978850 1.000000 1.000000 1.000000
4564.411133 0.000000 3113.217773 0.000000 0.923706 0.000000 0.383102 1.000000 1.000000 1.000000
4574.035645 0.000000 3095.744141 0.000000 0.969556 0.000000 -0.244869 1.000000 1.000000 1.000000
4562.375488 0.000000 3080.854004 0.000000 0.073346 0.000000 0.997307 1.000000 1.000000 1.000000
4580.800293 0.000000 3093.949219 0.000000 0.918039 0.000000 -0.396489 1.000000 1.000000 1.000000
4557.033691 0.000000 3079.571777 0.000000 0.999511 0.000000 -0.031279 1.000000 1.000000 1.000000
4554.837402 0.000000 3068.354248 0.000000 0.502365 0.000000 0.864656 1.000000 1.000000 1.000000
4562.593750 0.000000 3111.155518 0.000000 0.981605 0.000000 0.190924 1.000000 1.000000 1.000000
4510.520508 0.000000 3127.070557 0.000000 0.430773 0.000000 0.902460 1.000000 1.000000 1.000000
4538.132324 0.000000 3184.102539 0.000000 0.073240 0.000000 -0.997314 1.000000 1.000000 1.000000
4576.009766 0.000000 3133.615967 0.000000 0.891760 0.000000 -0.452509 1.000000 1.000000 1.000000
4584.450195 0.000000 3179.909180 0.000000 0.715010 0.000000 -0.699114 1.000000 1.000000 1.000000
4556.921387 0.000000 3153.650146 0.000000 0.764445 0.000000 0.644689 1.000000 1.000000 1.000000
4558.518066 0.000000 3144.306641 0.000000 0.999215 0.000000 0.039607 1.000000 1.000000 1.000000
4565.211914 0.000000 3119.946777 0.000000 0.007579 0.000000 0.999971 1.000000 1.000000 1.000000
4584.271973 0.000000 3185.621094 0.000000 0.811076 0.000000 -0.584941 1.000000 1.000000 1.000000
4370.699219 0.000000 3215.836426 0.000000 0.676138 0.000000 -0.736775 1.000000 1.000000 1.000000
4366.541504 0.000000 3224.291016 0.000000 0.074037 0.000000 0.997256 1.000000 1.000000 1.000000
4359.696777 0.000000 3205.815186 0.000000 0.967774 0.000000 -0.251820 1.000000 1.000000 1.000000
4377.573242 0.000000 3216.137695 0.000000 0.992613 0.000000 0.121325 1.000000 1.000000 1.000000
4368.945801 0.000000 3199.412842 0.000000 0.279799 0.000000 0.960059 1.000000 1.000000 1.000000
4474.726562 0.000000 3201.306641 0.000000 0.007134 0.000000 0.999975 1.000000 1.000000 1.000000
4440.020996 0.000000 3208.139893 0.000000 0.495587 0.000000 -0.868558 1.000000 1.000000 1.000000
4446.528320 0.000000 3207.054932 0.000000 0.482996 0.000000 0.875623 1.000000 1.000000 1.000000
4436.385742 0.000000 3204.988281 0.000000 0.806974 0.000000 0.590587 1.000000 1.000000 1.000000
4505.619141 0.000000 3250.095947 0.000000 0.055205 0.000000 -0.998475 1.000000 1.000000 1.000000
4511.121582 0.000000 3219.337891 0.000000 0.969611 0.000000 0.244654 1.000000 1.000000 1.000000
4533.282715 0.000000 3228.259033 0.000000 0.657272 0.000000 0.753653 1.000000 1.000000 1.000000
4502.358398 0.000000 3240.581055 0.000000 0.943637 0.000000 0.330982 1.000000 1.000000 1.000000
4532.824219 0.000000 3262.187012 0.000000 0.300603 0.000000 0.953749 1.000000 1.000000 1.000000
4546.387695 0.000000 3200.584717 0.000000 0.917085 0.000000 -0.398693 1.000000 1.000000 1.000000
4586.110352 0.000000 3249.029541 0.000000 0.664703 0.000000 -0.747107 1.000000 1.000000 1.000000
4580.475586 0.000000 3204.691162 0.000000 0.341636 0.000000 -0.939832 1.000000 1.000000 1.000000
4589.345703 0.000000 3240.535400 0.000000 0.860447 0.000000 0.509539 1.000000 1.000000 1.000000
4584.056152 0.000000 3212.042480 0.000000 0.893270 0.000000 0.449520 1.000000 1.000000 1.000000
4587.698242 0.000000 3274.569580 0.000000 0.296024 0.000000 0.955181 1.000000 1.000000 1.000000
4589.957031 0.000000 3255.263916 0.000000 0.437864 0.000000 0.899041 1.000000 1.000000 1.000000
4577.022949 0.000000 3200.919189 0.000000 0.301237 0.000000 -0.953549 1.000000 1.000000 1.000000
4557.536133 0.000000 3204.547363 0.000000 0.967939 0.000000 0.251186 1.000000 1.000000 1.000000
"}
object={
	name="rock_lava_generator_1_1"
	clamp_to_water_level=no
	render_under_water=no
	generated_content=yes
	layer="tree_high_layer"
	pdxmesh="hardened_lava_rock_02_mesh"
	count=95
	transform="4174.564941 0.000000 2984.337891 0.000000 0.094140 0.000000 0.995559 1.000000 1.000000 1.000000
4124.352539 0.000000 3143.895996 0.000000 0.665593 0.000000 -0.746315 1.000000 1.000000 1.000000
4105.913086 0.000000 3160.416504 0.000000 0.143119 0.000000 -0.989706 1.000000 1.000000 1.000000
4121.106934 0.000000 3150.126709 0.000000 0.986445 0.000000 0.164090 1.000000 1.000000 1.000000
4111.723145 0.000000 3142.001465 0.000000 0.972491 0.000000 0.232941 1.000000 1.000000 1.000000
4105.673828 0.000000 3171.827393 0.000000 0.954554 0.000000 0.298039 1.000000 1.000000 1.000000
4112.322266 0.000000 3143.405762 0.000000 0.811373 0.000000 -0.584528 1.000000 1.000000 1.000000
4100.838867 0.000000 3161.074463 0.000000 0.811243 0.000000 -0.584709 1.000000 1.000000 1.000000
4106.449219 0.000000 3170.762695 0.000000 0.901827 0.000000 0.432098 1.000000 1.000000 1.000000
4468.574707 0.000000 3018.922852 0.000000 0.723388 0.000000 0.690442 1.000000 1.000000 1.000000
4477.549805 0.000000 3037.441406 0.000000 0.815033 0.000000 0.579414 1.000000 1.000000 1.000000
4481.829590 0.000000 3035.375000 0.000000 0.918412 0.000000 -0.395626 1.000000 1.000000 1.000000
4501.921875 0.000000 3034.782959 0.000000 0.950065 0.000000 0.312052 1.000000 1.000000 1.000000
4429.898438 0.000000 3098.892334 0.000000 0.091493 0.000000 0.995806 1.000000 1.000000 1.000000
4436.230957 0.000000 3104.627686 0.000000 0.911229 0.000000 -0.411900 1.000000 1.000000 1.000000
4431.551758 0.000000 3103.432861 0.000000 0.174260 0.000000 0.984700 1.000000 1.000000 1.000000
4468.493164 0.000000 3051.333984 0.000000 0.462265 0.000000 -0.886742 1.000000 1.000000 1.000000
4445.844727 0.000000 3066.638916 0.000000 0.165950 0.000000 0.986134 1.000000 1.000000 1.000000
4428.967773 0.000000 3084.991699 0.000000 0.585566 0.000000 -0.810625 1.000000 1.000000 1.000000
4454.208984 0.000000 3073.008301 0.000000 0.807424 0.000000 -0.589972 1.000000 1.000000 1.000000
4429.788086 0.000000 3086.647217 0.000000 0.877209 0.000000 -0.480108 1.000000 1.000000 1.000000
4444.310547 0.000000 3062.247803 0.000000 0.117972 0.000000 -0.993017 1.000000 1.000000 1.000000
4430.671875 0.000000 3102.083740 0.000000 0.967264 0.000000 0.253772 1.000000 1.000000 1.000000
4454.842773 0.000000 3084.268311 0.000000 0.875004 0.000000 -0.484115 1.000000 1.000000 1.000000
4411.854980 0.000000 3170.370850 0.000000 0.095061 0.000000 0.995471 1.000000 1.000000 1.000000
4367.296387 0.000000 3170.441895 0.000000 0.970164 0.000000 0.242448 1.000000 1.000000 1.000000
4404.270020 0.000000 3159.720703 0.000000 0.966702 0.000000 -0.255906 1.000000 1.000000 1.000000
4391.972168 0.000000 3154.338867 0.000000 0.211100 0.000000 -0.977464 1.000000 1.000000 1.000000
4360.019531 0.000000 3178.187500 0.000000 0.827522 0.000000 0.561434 1.000000 1.000000 1.000000
4364.950684 0.000000 3170.053223 0.000000 0.974490 0.000000 0.224430 1.000000 1.000000 1.000000
4440.020996 0.000000 3128.155518 0.000000 0.469913 0.000000 -0.882713 1.000000 1.000000 1.000000
4461.361328 0.000000 3160.551025 0.000000 0.771158 0.000000 0.636644 1.000000 1.000000 1.000000
4443.120605 0.000000 3140.035400 0.000000 0.972319 0.000000 0.233656 1.000000 1.000000 1.000000
4424.309082 0.000000 3173.334961 0.000000 0.540478 0.000000 -0.841358 1.000000 1.000000 1.000000
4437.926270 0.000000 3136.270752 0.000000 0.299410 0.000000 0.954125 1.000000 1.000000 1.000000
4445.844727 0.000000 3146.623291 0.000000 0.763943 0.000000 -0.645283 1.000000 1.000000 1.000000
4427.034668 0.000000 3128.865723 0.000000 0.823742 0.000000 0.566965 1.000000 1.000000 1.000000
4417.911133 0.000000 3162.967529 0.000000 0.784263 0.000000 0.620429 1.000000 1.000000 1.000000
4420.760742 0.000000 3166.503418 0.000000 0.187972 0.000000 -0.982174 1.000000 1.000000 1.000000
4426.448730 0.000000 3131.131836 0.000000 0.998001 0.000000 -0.063194 1.000000 1.000000 1.000000
4429.420410 0.000000 3128.137451 0.000000 0.270415 0.000000 -0.962744 1.000000 1.000000 1.000000
4535.388672 0.000000 3081.084229 0.000000 0.364986 0.000000 0.931013 1.000000 1.000000 1.000000
4479.656738 0.000000 3071.359131 0.000000 0.418751 0.000000 -0.908101 1.000000 1.000000 1.000000
4505.619141 0.000000 3090.127197 0.000000 0.919698 0.000000 0.392626 1.000000 1.000000 1.000000
4501.219727 0.000000 3039.962402 0.000000 0.433455 0.000000 0.901175 1.000000 1.000000 1.000000
4530.244629 0.000000 3093.500732 0.000000 0.080536 0.000000 0.996752 1.000000 1.000000 1.000000
4510.995117 0.000000 3085.392334 0.000000 0.616148 0.000000 0.787630 1.000000 1.000000 1.000000
4513.474609 0.000000 3047.461914 0.000000 0.995073 0.000000 0.099148 1.000000 1.000000 1.000000
4514.699219 0.000000 3052.810547 0.000000 0.045350 0.000000 -0.998971 1.000000 1.000000 1.000000
4527.313477 0.000000 3058.834229 0.000000 0.216384 0.000000 -0.976308 1.000000 1.000000 1.000000
4529.951172 0.000000 3057.812500 0.000000 0.805108 0.000000 -0.593129 1.000000 1.000000 1.000000
4522.454590 0.000000 3051.743896 0.000000 0.962088 0.000000 -0.272740 1.000000 1.000000 1.000000
4511.275391 0.000000 3076.788818 0.000000 0.260903 0.000000 -0.965365 1.000000 1.000000 1.000000
4508.749512 0.000000 3085.086182 0.000000 0.610702 0.000000 0.791861 1.000000 1.000000 1.000000
4571.324707 0.000000 3105.732422 0.000000 0.991831 0.000000 -0.127557 1.000000 1.000000 1.000000
4562.885742 0.000000 3089.934570 0.000000 0.053216 0.000000 -0.998583 1.000000 1.000000 1.000000
4564.215332 0.000000 3104.627686 0.000000 0.770236 0.000000 0.637759 1.000000 1.000000 1.000000
4563.598145 0.000000 3061.063721 0.000000 0.512187 0.000000 0.858874 1.000000 1.000000 1.000000
4531.331055 0.000000 3194.108887 0.000000 0.161216 0.000000 0.986919 1.000000 1.000000 1.000000
4495.696777 0.000000 3123.671387 0.000000 0.947470 0.000000 0.319845 1.000000 1.000000 1.000000
4539.675293 0.000000 3188.205322 0.000000 0.878128 0.000000 -0.478425 1.000000 1.000000 1.000000
4507.199219 0.000000 3147.912598 0.000000 0.996286 0.000000 0.086102 1.000000 1.000000 1.000000
4498.203613 0.000000 3155.141846 0.000000 0.893317 0.000000 0.449426 1.000000 1.000000 1.000000
4535.230469 0.000000 3189.312744 0.000000 0.965717 0.000000 -0.259597 1.000000 1.000000 1.000000
4518.947266 0.000000 3128.043213 0.000000 0.609901 0.000000 0.792477 1.000000 1.000000 1.000000
4580.687500 0.000000 3199.367188 0.000000 0.168160 0.000000 0.985760 1.000000 1.000000 1.000000
4554.226074 0.000000 3176.109131 0.000000 0.960225 0.000000 -0.279229 1.000000 1.000000 1.000000
4572.297852 0.000000 3143.895996 0.000000 0.779301 0.000000 0.626650 1.000000 1.000000 1.000000
4556.816406 0.000000 3174.447021 0.000000 0.717060 0.000000 -0.697011 1.000000 1.000000 1.000000
4379.214844 0.000000 3227.896973 0.000000 0.848280 0.000000 -0.529548 1.000000 1.000000 1.000000
4364.215820 0.000000 3202.571045 0.000000 0.812229 0.000000 -0.583339 1.000000 1.000000 1.000000
4364.224609 0.000000 3221.519287 0.000000 0.666524 0.000000 -0.745484 1.000000 1.000000 1.000000
4361.161133 0.000000 3203.059082 0.000000 0.846479 0.000000 -0.532422 1.000000 1.000000 1.000000
4373.934082 0.000000 3216.255127 0.000000 0.981697 0.000000 -0.190448 1.000000 1.000000 1.000000
4371.476562 0.000000 3212.624023 0.000000 0.924546 0.000000 0.381070 1.000000 1.000000 1.000000
4448.025391 0.000000 3213.600342 0.000000 0.720687 0.000000 0.693261 1.000000 1.000000 1.000000
4532.566895 0.000000 3258.875977 0.000000 0.707708 0.000000 -0.706506 1.000000 1.000000 1.000000
4482.395508 0.000000 3200.584717 0.000000 0.657141 0.000000 -0.753767 1.000000 1.000000 1.000000
4502.297363 0.000000 3231.296143 0.000000 0.896530 0.000000 0.442984 1.000000 1.000000 1.000000
4493.890625 0.000000 3258.861084 0.000000 0.987872 0.000000 0.155271 1.000000 1.000000 1.000000
4507.332520 0.000000 3265.701172 0.000000 0.953342 0.000000 0.301892 1.000000 1.000000 1.000000
4496.046875 0.000000 3254.220215 0.000000 0.798382 0.000000 -0.602151 1.000000 1.000000 1.000000
4502.030762 0.000000 3253.062256 0.000000 0.076198 0.000000 0.997093 1.000000 1.000000 1.000000
4507.112793 0.000000 3220.019775 0.000000 0.364347 0.000000 0.931263 1.000000 1.000000 1.000000
4559.688965 0.000000 3203.655762 0.000000 0.990231 0.000000 -0.139438 1.000000 1.000000 1.000000
4584.450195 0.000000 3259.893555 0.000000 0.977292 0.000000 -0.211897 1.000000 1.000000 1.000000
4575.681152 0.000000 3269.197754 0.000000 0.901416 0.000000 0.432954 1.000000 1.000000 1.000000
4560.039062 0.000000 3254.220215 0.000000 0.587785 0.000000 -0.809017 1.000000 1.000000 1.000000
4585.303711 0.000000 3221.976318 0.000000 0.982768 0.000000 -0.184844 1.000000 1.000000 1.000000
4556.068848 0.000000 3206.310059 0.000000 0.544249 0.000000 -0.838924 1.000000 1.000000 1.000000
4560.922363 0.000000 3199.412842 0.000000 0.358576 0.000000 0.933501 1.000000 1.000000 1.000000
4556.192383 0.000000 3202.571045 0.000000 0.998868 0.000000 -0.047561 1.000000 1.000000 1.000000
4583.944824 0.000000 3204.421875 0.000000 0.794958 0.000000 -0.606664 1.000000 1.000000 1.000000
4587.482422 0.000000 3266.474609 0.000000 0.078788 0.000000 0.996891 1.000000 1.000000 1.000000
4553.137695 0.000000 3203.059082 0.000000 0.510396 0.000000 0.859939 1.000000 1.000000 1.000000
"}
object={
	name="rock_lava_generator_1_2"
	clamp_to_water_level=no
	render_under_water=no
	generated_content=yes
	layer="tree_high_layer"
	pdxmesh="hardened_lava_rock_03_mesh"
	count=117
	transform="4252.161621 0.000000 2799.534424 0.000000 0.987267 0.000000 0.159070 1.000000 1.000000 1.000000
4237.277832 0.000000 2890.525391 0.000000 0.874120 0.000000 0.485709 1.000000 1.000000 1.000000
4232.387207 0.000000 2892.149414 0.000000 0.835400 0.000000 0.549642 1.000000 1.000000 1.000000
4110.572754 0.000000 3144.306641 0.000000 0.736652 0.000000 0.676272 1.000000 1.000000 1.000000
4107.597656 0.000000 3171.749512 0.000000 0.997831 0.000000 0.065834 1.000000 1.000000 1.000000
4103.225098 0.000000 3158.370850 0.000000 0.312940 0.000000 0.949773 1.000000 1.000000 1.000000
4123.246094 0.000000 3147.912598 0.000000 0.647489 0.000000 -0.762075 1.000000 1.000000 1.000000
4095.565186 0.000000 3162.961670 0.000000 0.571357 0.000000 0.820702 1.000000 1.000000 1.000000
4113.735352 0.000000 3143.829102 0.000000 0.086666 0.000000 0.996237 1.000000 1.000000 1.000000
4097.112305 0.000000 3160.827148 0.000000 0.789242 0.000000 -0.614082 1.000000 1.000000 1.000000
4108.981934 0.000000 3170.053223 0.000000 0.316496 0.000000 0.948594 1.000000 1.000000 1.000000
4121.215332 0.000000 3147.778809 0.000000 0.270546 0.000000 -0.962707 1.000000 1.000000 1.000000
4124.349609 0.000000 3142.232178 0.000000 0.962941 0.000000 -0.269712 1.000000 1.000000 1.000000
4475.847168 0.000000 3010.402100 0.000000 0.585070 0.000000 0.810983 1.000000 1.000000 1.000000
4469.811035 0.000000 3037.830566 0.000000 0.734687 0.000000 0.678406 1.000000 1.000000 1.000000
4443.904785 0.000000 3007.407959 0.000000 0.932719 0.000000 -0.360604 1.000000 1.000000 1.000000
4453.445312 0.000000 3025.475830 0.000000 0.194349 0.000000 -0.980932 1.000000 1.000000 1.000000
4480.063965 0.000000 3024.308838 0.000000 0.030474 0.000000 -0.999536 1.000000 1.000000 1.000000
4501.431152 0.000000 3036.830811 0.000000 0.403088 0.000000 -0.915161 1.000000 1.000000 1.000000
4499.707031 0.000000 3035.516602 0.000000 0.035693 0.000000 0.999363 1.000000 1.000000 1.000000
4426.502441 0.000000 3084.532715 0.000000 0.376873 0.000000 0.926265 1.000000 1.000000 1.000000
4444.138184 0.000000 3039.487549 0.000000 0.322497 0.000000 0.946571 1.000000 1.000000 1.000000
4446.091309 0.000000 3073.057617 0.000000 0.470514 0.000000 -0.882392 1.000000 1.000000 1.000000
4478.957520 0.000000 3115.447266 0.000000 0.687186 0.000000 -0.726482 1.000000 1.000000 1.000000
4452.815918 0.000000 3093.949219 0.000000 0.784065 0.000000 0.620679 1.000000 1.000000 1.000000
4459.011230 0.000000 3073.442871 0.000000 0.927790 0.000000 0.373102 1.000000 1.000000 1.000000
4455.572754 0.000000 3081.307129 0.000000 0.784222 0.000000 0.620481 1.000000 1.000000 1.000000
4476.801270 0.000000 3069.754150 0.000000 0.906995 0.000000 -0.421141 1.000000 1.000000 1.000000
4469.811035 0.000000 3117.814941 0.000000 0.976963 0.000000 0.213407 1.000000 1.000000 1.000000
4447.509277 0.000000 3069.232910 0.000000 0.475479 0.000000 -0.879727 1.000000 1.000000 1.000000
4449.273926 0.000000 3075.429443 0.000000 0.794347 0.000000 0.607465 1.000000 1.000000 1.000000
4439.425781 0.000000 3106.764404 0.000000 0.997709 0.000000 0.067646 1.000000 1.000000 1.000000
4431.779297 0.000000 3073.198486 0.000000 0.033722 0.000000 0.999431 1.000000 1.000000 1.000000
4455.133789 0.000000 3078.404297 0.000000 0.569685 0.000000 0.821863 1.000000 1.000000 1.000000
4476.646484 0.000000 3066.916016 0.000000 0.879621 0.000000 -0.475675 1.000000 1.000000 1.000000
4428.416504 0.000000 3082.457031 0.000000 0.199053 0.000000 -0.979989 1.000000 1.000000 1.000000
4431.841309 0.000000 3100.859619 0.000000 0.235297 0.000000 0.971923 1.000000 1.000000 1.000000
4470.973633 0.000000 3044.967041 0.000000 0.643484 0.000000 0.765460 1.000000 1.000000 1.000000
4475.734863 0.000000 3039.437256 0.000000 0.797075 0.000000 -0.603881 1.000000 1.000000 1.000000
4447.816406 0.000000 3067.223633 0.000000 0.446135 0.000000 0.894965 1.000000 1.000000 1.000000
4432.284180 0.000000 3075.000244 0.000000 0.958268 0.000000 -0.285872 1.000000 1.000000 1.000000
4433.695312 0.000000 3101.472900 0.000000 0.264293 0.000000 -0.964442 1.000000 1.000000 1.000000
4428.501953 0.000000 3099.818848 0.000000 0.704554 0.000000 -0.709651 1.000000 1.000000 1.000000
4455.096191 0.000000 3082.833252 0.000000 0.592149 0.000000 -0.805829 1.000000 1.000000 1.000000
4428.783203 0.000000 3092.761230 0.000000 0.694613 0.000000 0.719384 1.000000 1.000000 1.000000
4457.640625 0.000000 3074.054688 0.000000 0.319181 0.000000 -0.947694 1.000000 1.000000 1.000000
4428.750977 0.000000 3086.131592 0.000000 0.099672 0.000000 -0.995020 1.000000 1.000000 1.000000
4429.559570 0.000000 3087.732178 0.000000 0.996591 0.000000 0.082499 1.000000 1.000000 1.000000
4359.145508 0.000000 3194.216309 0.000000 0.505969 0.000000 0.862552 1.000000 1.000000 1.000000
4370.398926 0.000000 3160.838379 0.000000 0.392718 0.000000 0.919659 1.000000 1.000000 1.000000
4363.566406 0.000000 3171.749512 0.000000 0.586222 0.000000 0.810151 1.000000 1.000000 1.000000
4393.894043 0.000000 3149.660156 0.000000 0.092518 0.000000 0.995711 1.000000 1.000000 1.000000
4414.256348 0.000000 3169.099609 0.000000 0.631757 0.000000 0.775166 1.000000 1.000000 1.000000
4453.143066 0.000000 3190.512207 0.000000 0.952054 0.000000 0.305931 1.000000 1.000000 1.000000
4473.335449 0.000000 3131.223877 0.000000 0.977593 0.000000 0.210503 1.000000 1.000000 1.000000
4474.726562 0.000000 3121.322266 0.000000 0.638647 0.000000 -0.769500 1.000000 1.000000 1.000000
4419.647461 0.000000 3164.509766 0.000000 0.999751 0.000000 0.022336 1.000000 1.000000 1.000000
4451.531250 0.000000 3150.225098 0.000000 0.572932 0.000000 0.819603 1.000000 1.000000 1.000000
4421.819824 0.000000 3171.051514 0.000000 0.973149 0.000000 0.230176 1.000000 1.000000 1.000000
4471.635742 0.000000 3166.593750 0.000000 0.388981 0.000000 -0.921246 1.000000 1.000000 1.000000
4454.934570 0.000000 3194.949463 0.000000 0.689901 0.000000 -0.723904 1.000000 1.000000 1.000000
4419.620117 0.000000 3160.427002 0.000000 0.834845 0.000000 -0.550485 1.000000 1.000000 1.000000
4428.832031 0.000000 3174.447021 0.000000 0.199880 0.000000 -0.979820 1.000000 1.000000 1.000000
4425.819824 0.000000 3167.046143 0.000000 0.896086 0.000000 0.443881 1.000000 1.000000 1.000000
4442.043945 0.000000 3129.256592 0.000000 0.957014 0.000000 -0.290043 1.000000 1.000000 1.000000
4446.361816 0.000000 3144.441650 0.000000 0.954045 0.000000 0.299665 1.000000 1.000000 1.000000
4430.461426 0.000000 3129.356445 0.000000 0.897947 0.000000 0.440103 1.000000 1.000000 1.000000
4480.063965 0.000000 3104.293213 0.000000 0.373098 0.000000 0.927792 1.000000 1.000000 1.000000
4520.063965 0.000000 3052.073730 0.000000 0.464498 0.000000 -0.885574 1.000000 1.000000 1.000000
4523.706055 0.000000 3114.600830 0.000000 0.392530 0.000000 -0.919739 1.000000 1.000000 1.000000
4480.229492 0.000000 3113.232422 0.000000 0.648732 0.000000 -0.761017 1.000000 1.000000 1.000000
4523.016602 0.000000 3046.313721 0.000000 0.871846 0.000000 0.489780 1.000000 1.000000 1.000000
4481.479004 0.000000 3055.383789 0.000000 0.869985 0.000000 0.493078 1.000000 1.000000 1.000000
4524.507812 0.000000 3053.762207 0.000000 0.518711 0.000000 -0.854950 1.000000 1.000000 1.000000
4527.687500 0.000000 3056.425049 0.000000 0.109392 0.000000 -0.993999 1.000000 1.000000 1.000000
4508.862305 0.000000 3092.318359 0.000000 0.250662 0.000000 0.968075 1.000000 1.000000 1.000000
4510.144531 0.000000 3082.071533 0.000000 0.334269 0.000000 -0.942478 1.000000 1.000000 1.000000
4509.735840 0.000000 3078.951660 0.000000 0.999992 0.000000 0.004086 1.000000 1.000000 1.000000
4525.724121 0.000000 3055.510010 0.000000 0.989315 0.000000 -0.145792 1.000000 1.000000 1.000000
4498.850586 0.000000 3040.147705 0.000000 0.655829 0.000000 -0.754910 1.000000 1.000000 1.000000
4511.132324 0.000000 3074.760742 0.000000 0.093139 0.000000 0.995653 1.000000 1.000000 1.000000
4511.830566 0.000000 3081.537354 0.000000 0.899567 0.000000 0.436783 1.000000 1.000000 1.000000
4556.921387 0.000000 3073.665771 0.000000 0.991824 0.000000 -0.127614 1.000000 1.000000 1.000000
4574.942383 0.000000 3099.320068 0.000000 0.656109 0.000000 -0.754666 1.000000 1.000000 1.000000
4516.483398 0.000000 3124.706787 0.000000 0.988799 0.000000 0.149256 1.000000 1.000000 1.000000
4523.016602 0.000000 3126.298096 0.000000 0.635942 0.000000 -0.771736 1.000000 1.000000 1.000000
4562.675781 0.000000 3135.852051 0.000000 0.999998 0.000000 0.002138 1.000000 1.000000 1.000000
4544.056152 0.000000 3184.277588 0.000000 0.999995 0.000000 0.003011 1.000000 1.000000 1.000000
4581.243652 0.000000 3139.357422 0.000000 0.933285 0.000000 0.359138 1.000000 1.000000 1.000000
4550.935059 0.000000 3185.642090 0.000000 0.782679 0.000000 0.622426 1.000000 1.000000 1.000000
4571.191406 0.000000 3147.912598 0.000000 0.645430 0.000000 -0.763819 1.000000 1.000000 1.000000
4571.126953 0.000000 3180.287598 0.000000 0.581495 0.000000 -0.813550 1.000000 1.000000 1.000000
4559.513184 0.000000 3165.536133 0.000000 0.376892 0.000000 0.926257 1.000000 1.000000 1.000000
4566.437012 0.000000 3132.759766 0.000000 0.450707 0.000000 -0.892672 1.000000 1.000000 1.000000
4367.245117 0.000000 3219.500977 0.000000 0.625394 0.000000 0.780309 1.000000 1.000000 1.000000
4380.321289 0.000000 3223.880371 0.000000 0.957199 0.000000 0.289430 1.000000 1.000000 1.000000
4386.130859 0.000000 3221.750977 0.000000 0.880573 0.000000 -0.473911 1.000000 1.000000 1.000000
4366.095215 0.000000 3227.744385 0.000000 0.588550 0.000000 -0.808461 1.000000 1.000000 1.000000
4391.909668 0.000000 3224.272217 0.000000 0.698096 0.000000 0.716004 1.000000 1.000000 1.000000
4386.613770 0.000000 3224.347900 0.000000 0.789644 0.000000 -0.613565 1.000000 1.000000 1.000000
4394.016113 0.000000 3223.981934 0.000000 0.395741 0.000000 0.918362 1.000000 1.000000 1.000000
4434.779297 0.000000 3209.787598 0.000000 0.933284 0.000000 -0.359139 1.000000 1.000000 1.000000
4437.104004 0.000000 3207.858398 0.000000 0.474353 0.000000 -0.880334 1.000000 1.000000 1.000000
4526.267090 0.000000 3200.697510 0.000000 0.900954 0.000000 0.433915 1.000000 1.000000 1.000000
4508.130371 0.000000 3199.456299 0.000000 0.183704 0.000000 -0.982982 1.000000 1.000000 1.000000
4504.270020 0.000000 3222.932617 0.000000 0.519768 0.000000 -0.854307 1.000000 1.000000 1.000000
4510.520508 0.000000 3207.054932 0.000000 0.531707 0.000000 -0.846928 1.000000 1.000000 1.000000
4498.203613 0.000000 3235.126221 0.000000 0.999937 0.000000 0.011211 1.000000 1.000000 1.000000
4509.375488 0.000000 3216.144531 0.000000 0.906030 0.000000 -0.423214 1.000000 1.000000 1.000000
4529.084961 0.000000 3257.388916 0.000000 0.979867 0.000000 -0.199650 1.000000 1.000000 1.000000
4562.885742 0.000000 3249.903320 0.000000 0.627071 0.000000 0.778962 1.000000 1.000000 1.000000
4565.211914 0.000000 3199.931152 0.000000 0.172574 0.000000 -0.984997 1.000000 1.000000 1.000000
4584.791016 0.000000 3201.028564 0.000000 0.962334 0.000000 -0.271871 1.000000 1.000000 1.000000
4589.932617 0.000000 3245.924316 0.000000 0.845145 0.000000 -0.534538 1.000000 1.000000 1.000000
4587.289551 0.000000 3269.709229 0.000000 0.788841 0.000000 0.614597 1.000000 1.000000 1.000000
4584.880859 0.000000 3216.608887 0.000000 0.899517 0.000000 0.436886 1.000000 1.000000 1.000000
4586.708496 0.000000 3243.378906 0.000000 0.170476 0.000000 0.985362 1.000000 1.000000 1.000000
"}
object={
	name="rock_lava_generator_1_3"
	clamp_to_water_level=no
	render_under_water=no
	generated_content=yes
	layer="tree_high_layer"
	pdxmesh="hardened_lava_rock_04_mesh"
	count=104
	transform="4254.806152 0.000000 2799.563965 0.000000 0.325177 0.000000 0.945653 1.000000 1.000000 1.000000
4263.501465 0.000000 2818.846924 0.000000 0.178859 0.000000 -0.983875 1.000000 1.000000 1.000000
4199.592773 0.000000 2938.333252 0.000000 0.316653 0.000000 -0.948542 1.000000 1.000000 1.000000
4198.122070 0.000000 2939.127441 0.000000 0.980862 0.000000 0.194706 1.000000 1.000000 1.000000
4179.645020 0.000000 2981.079346 0.000000 0.747675 0.000000 -0.664064 1.000000 1.000000 1.000000
4181.424805 0.000000 2983.440430 0.000000 0.246717 0.000000 -0.969088 1.000000 1.000000 1.000000
4180.991699 0.000000 2980.066406 0.000000 0.636520 0.000000 0.771260 1.000000 1.000000 1.000000
4234.201172 0.000000 2893.465576 0.000000 0.591628 0.000000 0.806211 1.000000 1.000000 1.000000
4117.432617 0.000000 3143.409180 0.000000 0.935033 0.000000 0.354560 1.000000 1.000000 1.000000
4122.656250 0.000000 3142.308838 0.000000 0.866995 0.000000 -0.498316 1.000000 1.000000 1.000000
4102.055176 0.000000 3160.339844 0.000000 0.995952 0.000000 -0.089884 1.000000 1.000000 1.000000
4115.181641 0.000000 3142.673584 0.000000 0.648831 0.000000 0.760932 1.000000 1.000000 1.000000
4113.625000 0.000000 3142.213867 0.000000 0.236338 0.000000 -0.971671 1.000000 1.000000 1.000000
4098.288574 0.000000 3160.004150 0.000000 0.028836 0.000000 -0.999584 1.000000 1.000000 1.000000
4469.780273 0.000000 3025.172607 0.000000 0.998693 0.000000 0.051108 1.000000 1.000000 1.000000
4466.090332 0.000000 3023.590576 0.000000 0.878334 0.000000 0.478048 1.000000 1.000000 1.000000
4479.646484 0.000000 3028.928955 0.000000 0.389538 0.000000 -0.921010 1.000000 1.000000 1.000000
4497.896973 0.000000 3036.864990 0.000000 0.784596 0.000000 -0.620007 1.000000 1.000000 1.000000
4478.387207 0.000000 3064.329346 0.000000 0.933072 0.000000 -0.359689 1.000000 1.000000 1.000000
4467.338867 0.000000 3114.124512 0.000000 0.991749 0.000000 0.128198 1.000000 1.000000 1.000000
4469.163574 0.000000 3039.461670 0.000000 0.595605 0.000000 0.803277 1.000000 1.000000 1.000000
4453.146484 0.000000 3089.417725 0.000000 0.753738 0.000000 0.657175 1.000000 1.000000 1.000000
4458.113770 0.000000 3077.678955 0.000000 0.689577 0.000000 0.724213 1.000000 1.000000 1.000000
4472.499023 0.000000 3046.796143 0.000000 0.784249 0.000000 -0.620446 1.000000 1.000000 1.000000
4444.313477 0.000000 3063.911621 0.000000 0.958307 0.000000 0.285741 1.000000 1.000000 1.000000
4470.835938 0.000000 3065.546143 0.000000 0.111895 0.000000 -0.993720 1.000000 1.000000 1.000000
4428.580566 0.000000 3101.659180 0.000000 0.700112 0.000000 0.714033 1.000000 1.000000 1.000000
4452.092285 0.000000 3073.313721 0.000000 0.178335 0.000000 -0.983970 1.000000 1.000000 1.000000
4455.569336 0.000000 3088.384521 0.000000 0.013768 0.000000 -0.999905 1.000000 1.000000 1.000000
4472.460938 0.000000 3040.145508 0.000000 0.535008 0.000000 0.844847 1.000000 1.000000 1.000000
4437.082031 0.000000 3106.903076 0.000000 0.999972 0.000000 0.007477 1.000000 1.000000 1.000000
4428.942871 0.000000 3090.068848 0.000000 0.999999 0.000000 0.001266 1.000000 1.000000 1.000000
4434.439453 0.000000 3105.328369 0.000000 0.935017 0.000000 -0.354603 1.000000 1.000000 1.000000
4430.041016 0.000000 3100.658447 0.000000 0.754160 0.000000 0.656691 1.000000 1.000000 1.000000
4453.693848 0.000000 3085.172363 0.000000 0.741345 0.000000 -0.671124 1.000000 1.000000 1.000000
4454.455566 0.000000 3079.955078 0.000000 0.471911 0.000000 0.881646 1.000000 1.000000 1.000000
4429.916016 0.000000 3091.224854 0.000000 0.172719 0.000000 0.984971 1.000000 1.000000 1.000000
4429.250977 0.000000 3088.803223 0.000000 0.052473 0.000000 0.998622 1.000000 1.000000 1.000000
4389.145508 0.000000 3144.105225 0.000000 0.985674 0.000000 -0.168661 1.000000 1.000000 1.000000
4361.992188 0.000000 3197.674316 0.000000 0.439769 0.000000 -0.898111 1.000000 1.000000 1.000000
4386.434570 0.000000 3147.463135 0.000000 0.582666 0.000000 -0.812712 1.000000 1.000000 1.000000
4478.387207 0.000000 3144.313721 0.000000 0.977245 0.000000 -0.212115 1.000000 1.000000 1.000000
4440.277832 0.000000 3142.948242 0.000000 0.802349 0.000000 0.596855 1.000000 1.000000 1.000000
4459.713867 0.000000 3194.585205 0.000000 0.789573 0.000000 -0.613657 1.000000 1.000000 1.000000
4427.558594 0.000000 3171.749512 0.000000 0.873270 0.000000 0.487237 1.000000 1.000000 1.000000
4468.689941 0.000000 3125.152344 0.000000 0.593576 0.000000 0.804778 1.000000 1.000000 1.000000
4415.525879 0.000000 3162.961670 0.000000 0.652783 0.000000 0.757545 1.000000 1.000000 1.000000
4472.499023 0.000000 3126.780518 0.000000 0.998033 0.000000 0.062694 1.000000 1.000000 1.000000
4426.177734 0.000000 3133.418701 0.000000 0.042215 0.000000 -0.999109 1.000000 1.000000 1.000000
4439.068848 0.000000 3139.235596 0.000000 0.236880 0.000000 -0.971539 1.000000 1.000000 1.000000
4471.266113 0.000000 3122.518555 0.000000 0.871201 0.000000 0.490927 1.000000 1.000000 1.000000
4416.595703 0.000000 3165.998291 0.000000 0.975080 0.000000 -0.221854 1.000000 1.000000 1.000000
4422.144531 0.000000 3164.674805 0.000000 0.325375 0.000000 0.945585 1.000000 1.000000 1.000000
4524.761719 0.000000 3058.995605 0.000000 0.989807 0.000000 -0.142414 1.000000 1.000000 1.000000
4512.017578 0.000000 3053.631592 0.000000 0.744961 0.000000 0.667108 1.000000 1.000000 1.000000
4534.655762 0.000000 3092.789307 0.000000 0.646910 0.000000 0.762566 1.000000 1.000000 1.000000
4515.249512 0.000000 3049.865479 0.000000 0.027101 0.000000 0.999633 1.000000 1.000000 1.000000
4507.579590 0.000000 3051.719971 0.000000 0.995360 0.000000 -0.096223 1.000000 1.000000 1.000000
4481.983398 0.000000 3068.516846 0.000000 0.895235 0.000000 -0.445595 1.000000 1.000000 1.000000
4521.569824 0.000000 3117.780029 0.000000 0.997427 0.000000 0.071696 1.000000 1.000000 1.000000
4480.522461 0.000000 3074.830566 0.000000 0.458743 0.000000 -0.888569 1.000000 1.000000 1.000000
4498.683594 0.000000 3042.269287 0.000000 0.640382 0.000000 0.768057 1.000000 1.000000 1.000000
4530.709961 0.000000 3064.381348 0.000000 0.934572 0.000000 -0.355774 1.000000 1.000000 1.000000
4521.355469 0.000000 3049.560303 0.000000 0.996838 0.000000 0.079464 1.000000 1.000000 1.000000
4521.165527 0.000000 3051.115234 0.000000 0.837324 0.000000 -0.546708 1.000000 1.000000 1.000000
4560.047852 0.000000 3111.823486 0.000000 0.986400 0.000000 -0.164365 1.000000 1.000000 1.000000
4508.130371 0.000000 3119.471924 0.000000 0.569946 0.000000 -0.821682 1.000000 1.000000 1.000000
4502.297363 0.000000 3151.311768 0.000000 0.913890 0.000000 0.405961 1.000000 1.000000 1.000000
4512.017578 0.000000 3133.615967 0.000000 0.157466 0.000000 -0.987525 1.000000 1.000000 1.000000
4479.821777 0.000000 3140.255615 0.000000 0.790464 0.000000 0.612508 1.000000 1.000000 1.000000
4520.798828 0.000000 3121.044189 0.000000 0.957944 0.000000 0.286957 1.000000 1.000000 1.000000
4481.479004 0.000000 3135.368164 0.000000 0.794384 0.000000 0.607416 1.000000 1.000000 1.000000
4522.624023 0.000000 3123.292969 0.000000 0.997249 0.000000 0.074130 1.000000 1.000000 1.000000
4554.486816 0.000000 3164.517090 0.000000 0.112078 0.000000 -0.993699 1.000000 1.000000 1.000000
4559.688965 0.000000 3123.671387 0.000000 0.972740 0.000000 -0.231896 1.000000 1.000000 1.000000
4584.056152 0.000000 3132.058105 0.000000 0.695078 0.000000 -0.718935 1.000000 1.000000 1.000000
4551.673340 0.000000 3125.830811 0.000000 0.979360 0.000000 0.202124 1.000000 1.000000 1.000000
4552.976562 0.000000 3180.930176 0.000000 0.408294 0.000000 0.912851 1.000000 1.000000 1.000000
4563.598145 0.000000 3141.048096 0.000000 1.000000 0.000000 -0.000699 1.000000 1.000000 1.000000
4585.117676 0.000000 3175.194580 0.000000 0.679217 0.000000 -0.733938 1.000000 1.000000 1.000000
4578.107422 0.000000 3141.766602 0.000000 0.236828 0.000000 -0.971552 1.000000 1.000000 1.000000
4556.192383 0.000000 3122.586670 0.000000 0.371819 0.000000 -0.928305 1.000000 1.000000 1.000000
4561.680664 0.000000 3143.829102 0.000000 0.744412 0.000000 -0.667720 1.000000 1.000000 1.000000
4362.034668 0.000000 3199.569824 0.000000 0.653287 0.000000 0.757110 1.000000 1.000000 1.000000
4373.235352 0.000000 3199.931152 0.000000 0.904458 0.000000 0.426562 1.000000 1.000000 1.000000
4389.145508 0.000000 3224.089600 0.000000 0.976251 0.000000 0.216641 1.000000 1.000000 1.000000
4382.369629 0.000000 3224.426025 0.000000 0.388926 0.000000 0.921269 1.000000 1.000000 1.000000
4359.375488 0.000000 3203.605469 0.000000 0.507978 0.000000 -0.861370 1.000000 1.000000 1.000000
4451.257324 0.000000 3209.834229 0.000000 0.996970 0.000000 -0.077789 1.000000 1.000000 1.000000
4535.388672 0.000000 3241.052979 0.000000 0.567069 0.000000 -0.823670 1.000000 1.000000 1.000000
4520.063965 0.000000 3212.042480 0.000000 0.472890 0.000000 0.881121 1.000000 1.000000 1.000000
4502.033203 0.000000 3257.586914 0.000000 0.524322 0.000000 -0.851520 1.000000 1.000000 1.000000
4517.251465 0.000000 3219.341797 0.000000 0.988993 0.000000 -0.147961 1.000000 1.000000 1.000000
4487.681152 0.000000 3205.815186 0.000000 0.827676 0.000000 -0.561206 1.000000 1.000000 1.000000
4525.964844 0.000000 3255.263916 0.000000 0.990227 0.000000 -0.139467 1.000000 1.000000 1.000000
4504.854492 0.000000 3237.409912 0.000000 0.748336 0.000000 -0.663320 1.000000 1.000000 1.000000
4533.772461 0.000000 3265.125732 0.000000 0.901646 0.000000 0.432475 1.000000 1.000000 1.000000
4513.030762 0.000000 3200.919189 0.000000 0.446799 0.000000 -0.894634 1.000000 1.000000 1.000000
4530.816895 0.000000 3269.208252 0.000000 0.998546 0.000000 0.053911 1.000000 1.000000 1.000000
4532.789551 0.000000 3232.446533 0.000000 0.733786 0.000000 -0.679381 1.000000 1.000000 1.000000
4585.117676 0.000000 3255.178955 0.000000 0.319099 0.000000 0.947721 1.000000 1.000000 1.000000
4587.166992 0.000000 3252.325195 0.000000 0.996707 0.000000 0.081086 1.000000 1.000000 1.000000
4581.443359 0.000000 3201.434570 0.000000 0.639546 0.000000 -0.768753 1.000000 1.000000 1.000000
4562.675781 0.000000 3202.238037 0.000000 0.882458 0.000000 0.470391 1.000000 1.000000 1.000000
"}
object={
	name="rock_lava_generator_1_4"
	clamp_to_water_level=no
	render_under_water=no
	generated_content=yes
	layer="tree_high_layer"
	pdxmesh="hardened_lava_rock_05_mesh"
	count=85
	transform="4200.497070 0.000000 2939.956055 0.000000 0.286467 0.000000 -0.958090 1.000000 1.000000 1.000000
4236.914551 0.000000 2910.601807 0.000000 0.648486 0.000000 0.761226 1.000000 1.000000 1.000000
4236.810547 0.000000 2892.925537 0.000000 0.093849 0.000000 -0.995586 1.000000 1.000000 1.000000
4110.505859 0.000000 3168.362793 0.000000 0.651898 0.000000 0.758307 1.000000 1.000000 1.000000
4443.273438 0.000000 3003.538086 0.000000 0.852276 0.000000 0.523093 1.000000 1.000000 1.000000
4446.868164 0.000000 3037.640625 0.000000 0.010564 0.000000 -0.999944 1.000000 1.000000 1.000000
4443.828125 0.000000 3037.674316 0.000000 0.208822 0.000000 0.977954 1.000000 1.000000 1.000000
4472.474121 0.000000 3039.381104 0.000000 0.765856 0.000000 0.643012 1.000000 1.000000 1.000000
4500.418945 0.000000 3033.233398 0.000000 0.632272 0.000000 -0.774746 1.000000 1.000000 1.000000
4455.512207 0.000000 3085.671387 0.000000 0.155139 0.000000 -0.987893 1.000000 1.000000 1.000000
4477.754883 0.000000 3073.640625 0.000000 0.227701 0.000000 -0.973731 1.000000 1.000000 1.000000
4428.377441 0.000000 3087.863525 0.000000 0.966411 0.000000 0.257001 1.000000 1.000000 1.000000
4471.266113 0.000000 3042.534180 0.000000 0.982939 0.000000 0.183932 1.000000 1.000000 1.000000
4455.964355 0.000000 3074.354492 0.000000 0.998336 0.000000 0.057666 1.000000 1.000000 1.000000
4428.832031 0.000000 3094.462646 0.000000 0.920137 0.000000 -0.391596 1.000000 1.000000 1.000000
4428.708008 0.000000 3096.879883 0.000000 0.945462 0.000000 0.325732 1.000000 1.000000 1.000000
4447.283203 0.000000 3076.788818 0.000000 0.099465 0.000000 -0.995041 1.000000 1.000000 1.000000
4456.146973 0.000000 3076.471436 0.000000 0.955702 0.000000 -0.294335 1.000000 1.000000 1.000000
4446.352051 0.000000 3071.049561 0.000000 0.888742 0.000000 -0.458408 1.000000 1.000000 1.000000
4447.140137 0.000000 3074.760742 0.000000 0.936486 0.000000 0.350706 1.000000 1.000000 1.000000
4474.649414 0.000000 3046.326660 0.000000 0.852601 0.000000 0.522563 1.000000 1.000000 1.000000
4473.181152 0.000000 3042.558838 0.000000 0.861914 0.000000 -0.507054 1.000000 1.000000 1.000000
4448.998535 0.000000 3077.640869 0.000000 0.619456 0.000000 -0.785032 1.000000 1.000000 1.000000
4472.625977 0.000000 3045.073975 0.000000 0.987381 0.000000 -0.158366 1.000000 1.000000 1.000000
4446.527832 0.000000 3068.005859 0.000000 0.856976 0.000000 -0.515356 1.000000 1.000000 1.000000
4429.796387 0.000000 3082.712158 0.000000 0.942761 0.000000 0.333470 1.000000 1.000000 1.000000
4429.320312 0.000000 3095.674805 0.000000 0.244993 0.000000 -0.969525 1.000000 1.000000 1.000000
4372.238770 0.000000 3184.612061 0.000000 0.949947 0.000000 -0.312412 1.000000 1.000000 1.000000
4369.912598 0.000000 3196.833740 0.000000 0.143503 0.000000 0.989650 1.000000 1.000000 1.000000
4400.991211 0.000000 3159.510986 0.000000 0.064582 0.000000 0.997912 1.000000 1.000000 1.000000
4395.958984 0.000000 3145.175293 0.000000 0.735794 0.000000 -0.677205 1.000000 1.000000 1.000000
4369.863281 0.000000 3163.770996 0.000000 0.536100 0.000000 0.844154 1.000000 1.000000 1.000000
4373.089844 0.000000 3186.887451 0.000000 0.928303 0.000000 -0.371824 1.000000 1.000000 1.000000
4467.338867 0.000000 3194.108887 0.000000 0.561167 0.000000 -0.827703 1.000000 1.000000 1.000000
4429.254395 0.000000 3130.478516 0.000000 0.673397 0.000000 -0.739281 1.000000 1.000000 1.000000
4450.255859 0.000000 3195.117676 0.000000 0.205922 0.000000 0.978568 1.000000 1.000000 1.000000
4453.137695 0.000000 3144.105225 0.000000 0.945228 0.000000 0.326409 1.000000 1.000000 1.000000
4458.113770 0.000000 3157.663330 0.000000 0.650923 0.000000 0.759144 1.000000 1.000000 1.000000
4419.046875 0.000000 3168.223145 0.000000 0.947343 0.000000 -0.320222 1.000000 1.000000 1.000000
4432.520996 0.000000 3132.595459 0.000000 0.879306 0.000000 0.476258 1.000000 1.000000 1.000000
4424.397461 0.000000 3136.065674 0.000000 0.270768 0.000000 0.962645 1.000000 1.000000 1.000000
4438.231445 0.000000 3130.216064 0.000000 0.760888 0.000000 0.648883 1.000000 1.000000 1.000000
4420.893066 0.000000 3162.400635 0.000000 0.810396 0.000000 0.585882 1.000000 1.000000 1.000000
4424.363770 0.000000 3132.102539 0.000000 0.682113 0.000000 -0.731246 1.000000 1.000000 1.000000
4426.524414 0.000000 3173.858398 0.000000 0.491602 0.000000 -0.870820 1.000000 1.000000 1.000000
4440.641113 0.000000 3140.719971 0.000000 0.998104 0.000000 0.061554 1.000000 1.000000 1.000000
4417.818848 0.000000 3164.777588 0.000000 0.880869 0.000000 0.473361 1.000000 1.000000 1.000000
4479.821777 0.000000 3060.271240 0.000000 0.441822 0.000000 -0.897103 1.000000 1.000000 1.000000
4540.753418 0.000000 3077.886719 0.000000 0.999909 0.000000 -0.013509 1.000000 1.000000 1.000000
4529.354980 0.000000 3060.171387 0.000000 0.610221 0.000000 -0.792231 1.000000 1.000000 1.000000
4496.930176 0.000000 3039.444092 0.000000 0.896727 0.000000 -0.442584 1.000000 1.000000 1.000000
4513.266113 0.000000 3075.429443 0.000000 0.920554 0.000000 0.390616 1.000000 1.000000 1.000000
4508.873047 0.000000 3076.815918 0.000000 0.983768 0.000000 -0.179443 1.000000 1.000000 1.000000
4508.835938 0.000000 3089.737549 0.000000 0.074495 0.000000 -0.997221 1.000000 1.000000 1.000000
4508.200684 0.000000 3081.760498 0.000000 0.983447 0.000000 -0.181195 1.000000 1.000000 1.000000
4510.528809 0.000000 3080.416016 0.000000 0.883652 0.000000 0.468144 1.000000 1.000000 1.000000
4558.518066 0.000000 3064.322266 0.000000 0.373721 0.000000 -0.927541 1.000000 1.000000 1.000000
4564.040527 0.000000 3108.944824 0.000000 0.664165 0.000000 0.747586 1.000000 1.000000 1.000000
4576.587891 0.000000 3096.116699 0.000000 0.999979 0.000000 -0.006466 1.000000 1.000000 1.000000
4526.267090 0.000000 3120.713135 0.000000 0.927829 0.000000 -0.373005 1.000000 1.000000 1.000000
4504.270020 0.000000 3142.948242 0.000000 0.988239 0.000000 -0.152916 1.000000 1.000000 1.000000
4557.882812 0.000000 3178.876709 0.000000 0.088384 0.000000 -0.996086 1.000000 1.000000 1.000000
4586.110352 0.000000 3169.045166 0.000000 0.289505 0.000000 -0.957176 1.000000 1.000000 1.000000
4367.712402 0.000000 3203.655762 0.000000 0.487390 0.000000 -0.873184 1.000000 1.000000 1.000000
4384.294922 0.000000 3225.246338 0.000000 0.981974 0.000000 0.189015 1.000000 1.000000 1.000000
4399.428223 0.000000 3224.528564 0.000000 0.339670 0.000000 0.940545 1.000000 1.000000 1.000000
4374.460449 0.000000 3212.744141 0.000000 0.507992 0.000000 -0.861362 1.000000 1.000000 1.000000
4395.958984 0.000000 3225.159668 0.000000 0.488230 0.000000 0.872715 1.000000 1.000000 1.000000
4365.441895 0.000000 3199.416992 0.000000 0.028161 0.000000 -0.999603 1.000000 1.000000 1.000000
4369.704102 0.000000 3223.813477 0.000000 0.959870 0.000000 0.280446 1.000000 1.000000 1.000000
4383.036133 0.000000 3222.445557 0.000000 0.879855 0.000000 0.475242 1.000000 1.000000 1.000000
4364.023438 0.000000 3225.713623 0.000000 0.876540 0.000000 0.481329 1.000000 1.000000 1.000000
4381.852539 0.000000 3226.607666 0.000000 0.858848 0.000000 -0.512230 1.000000 1.000000 1.000000
4374.239258 0.000000 3210.200439 0.000000 0.380950 0.000000 -0.924596 1.000000 1.000000 1.000000
4395.830566 0.000000 3222.326904 0.000000 0.631150 0.000000 -0.775661 1.000000 1.000000 1.000000
4368.544922 0.000000 3218.222656 0.000000 0.556549 0.000000 -0.830815 1.000000 1.000000 1.000000
4512.017578 0.000000 3213.600342 0.000000 0.209022 0.000000 0.977911 1.000000 1.000000 1.000000
4500.223145 0.000000 3264.596436 0.000000 0.774260 0.000000 -0.632868 1.000000 1.000000 1.000000
4534.655762 0.000000 3252.758057 0.000000 0.629011 0.000000 -0.777396 1.000000 1.000000 1.000000
4535.627930 0.000000 3246.578125 0.000000 0.917268 0.000000 0.398269 1.000000 1.000000 1.000000
4507.134766 0.000000 3260.271973 0.000000 0.430318 0.000000 -0.902677 1.000000 1.000000 1.000000
4505.730957 0.000000 3255.277832 0.000000 0.823990 0.000000 -0.566604 1.000000 1.000000 1.000000
4557.882812 0.000000 3258.861084 0.000000 0.088317 0.000000 -0.996092 1.000000 1.000000 1.000000
4550.935059 0.000000 3265.626465 0.000000 0.681539 0.000000 -0.731782 1.000000 1.000000 1.000000
4550.153320 0.000000 3201.993896 0.000000 0.931230 0.000000 -0.364432 1.000000 1.000000 1.000000
"}
