object={
	name="rock_mehnir_generator_1_0"
	clamp_to_water_level=no
	render_under_water=no
	generated_content=yes
	layer="tree_high_layer"
	pdxmesh="rock_mehnir_01_mesh"
	count=130
	transform="4221.834473 0.000000 2871.684082 0.000000 0.823588 0.000000 0.567189 1.000000 1.000000 1.000000
4214.297852 0.000000 2872.631592 0.000000 0.648688 0.000000 0.761054 1.000000 1.000000 1.000000
4219.026367 0.000000 2874.124268 0.000000 0.719436 0.000000 0.694559 1.000000 1.000000 1.000000
4280.724121 0.000000 2786.845947 0.000000 0.713030 0.000000 0.701134 1.000000 1.000000 1.000000
4275.426270 0.000000 2787.419922 0.000000 0.757600 0.000000 -0.652719 1.000000 1.000000 1.000000
4277.739258 0.000000 2786.747803 0.000000 0.434318 0.000000 0.900760 1.000000 1.000000 1.000000
4331.320801 0.000000 2789.802979 0.000000 0.155612 0.000000 -0.987818 1.000000 1.000000 1.000000
4329.593262 0.000000 2797.842529 0.000000 0.900226 0.000000 -0.435423 1.000000 1.000000 1.000000
4337.108398 0.000000 2777.482666 0.000000 0.155388 0.000000 -0.987853 1.000000 1.000000 1.000000
4309.454590 0.000000 2796.877686 0.000000 0.475410 0.000000 -0.879764 1.000000 1.000000 1.000000
4334.893555 0.000000 2783.480957 0.000000 0.969610 0.000000 0.244656 1.000000 1.000000 1.000000
4308.301758 0.000000 2781.877197 0.000000 0.100342 0.000000 0.994953 1.000000 1.000000 1.000000
4306.051758 0.000000 2783.308838 0.000000 0.982943 0.000000 -0.183913 1.000000 1.000000 1.000000
4338.804688 0.000000 2775.979492 0.000000 0.353542 0.000000 0.935419 1.000000 1.000000 1.000000
4306.455078 0.000000 2785.390869 0.000000 0.996922 0.000000 0.078397 1.000000 1.000000 1.000000
4330.205566 0.000000 2795.248535 0.000000 0.065716 0.000000 -0.997838 1.000000 1.000000 1.000000
4239.575195 0.000000 2863.479736 0.000000 0.962751 0.000000 -0.270390 1.000000 1.000000 1.000000
4251.610840 0.000000 2811.766846 0.000000 0.994308 0.000000 -0.106544 1.000000 1.000000 1.000000
4227.643555 0.000000 2840.489502 0.000000 0.995033 0.000000 -0.099547 1.000000 1.000000 1.000000
4254.335449 0.000000 2862.770508 0.000000 0.409510 0.000000 -0.912306 1.000000 1.000000 1.000000
4254.891602 0.000000 2877.671875 0.000000 0.969347 0.000000 0.245695 1.000000 1.000000 1.000000
4251.075195 0.000000 2806.429932 0.000000 0.945850 0.000000 0.324605 1.000000 1.000000 1.000000
4254.729492 0.000000 2810.491455 0.000000 0.855078 0.000000 -0.518499 1.000000 1.000000 1.000000
4249.187012 0.000000 2800.355469 0.000000 0.060851 0.000000 -0.998147 1.000000 1.000000 1.000000
4246.119141 0.000000 2802.826172 0.000000 0.986140 0.000000 0.165915 1.000000 1.000000 1.000000
4279.001465 0.000000 2812.519531 0.000000 0.908638 0.000000 0.417585 1.000000 1.000000 1.000000
4225.860840 0.000000 2875.406250 0.000000 0.152331 0.000000 -0.988330 1.000000 1.000000 1.000000
4267.846191 0.000000 2822.405029 0.000000 0.811776 0.000000 -0.583969 1.000000 1.000000 1.000000
4258.990234 0.000000 2802.643799 0.000000 0.876041 0.000000 0.482236 1.000000 1.000000 1.000000
4277.006836 0.000000 2814.043701 0.000000 0.178796 0.000000 0.983886 1.000000 1.000000 1.000000
4230.039551 0.000000 2840.402344 0.000000 0.319533 0.000000 -0.947575 1.000000 1.000000 1.000000
4283.779297 0.000000 2865.989258 0.000000 0.241853 0.000000 -0.970313 1.000000 1.000000 1.000000
4236.966309 0.000000 2850.115723 0.000000 0.995216 0.000000 -0.097701 1.000000 1.000000 1.000000
4256.645508 0.000000 2876.569824 0.000000 0.897834 0.000000 -0.440335 1.000000 1.000000 1.000000
4239.231934 0.000000 2826.208984 0.000000 0.243257 0.000000 -0.969962 1.000000 1.000000 1.000000
4253.272461 0.000000 2811.431396 0.000000 0.091170 0.000000 0.995835 1.000000 1.000000 1.000000
4244.286621 0.000000 2827.959717 0.000000 0.012328 0.000000 0.999924 1.000000 1.000000 1.000000
4260.714844 0.000000 2803.021240 0.000000 0.503004 0.000000 0.864284 1.000000 1.000000 1.000000
4239.097168 0.000000 2865.066406 0.000000 0.812079 0.000000 -0.583548 1.000000 1.000000 1.000000
4258.180664 0.000000 2856.634277 0.000000 0.809055 0.000000 -0.587733 1.000000 1.000000 1.000000
4252.306152 0.000000 2838.738281 0.000000 0.995141 0.000000 -0.098460 1.000000 1.000000 1.000000
4266.825684 0.000000 2821.609375 0.000000 0.915059 0.000000 0.403320 1.000000 1.000000 1.000000
4228.232422 0.000000 2865.563232 0.000000 0.345285 0.000000 0.938498 1.000000 1.000000 1.000000
4253.174805 0.000000 2838.068359 0.000000 0.995343 0.000000 -0.096399 1.000000 1.000000 1.000000
4290.418945 0.000000 2800.662842 0.000000 0.767778 0.000000 0.640716 1.000000 1.000000 1.000000
4312.036621 0.000000 2808.218018 0.000000 0.912241 0.000000 0.409654 1.000000 1.000000 1.000000
4297.020020 0.000000 2832.068115 0.000000 0.691542 0.000000 -0.722337 1.000000 1.000000 1.000000
4287.605957 0.000000 2803.798340 0.000000 0.709107 0.000000 0.705101 1.000000 1.000000 1.000000
4313.179199 0.000000 2800.355469 0.000000 0.510372 0.000000 0.859954 1.000000 1.000000 1.000000
4311.102539 0.000000 2805.492432 0.000000 0.776780 0.000000 0.629772 1.000000 1.000000 1.000000
4298.571777 0.000000 2862.312500 0.000000 0.986256 0.000000 0.165222 1.000000 1.000000 1.000000
4289.518555 0.000000 2865.360107 0.000000 0.936060 0.000000 -0.351840 1.000000 1.000000 1.000000
4311.891113 0.000000 2802.388184 0.000000 0.944791 0.000000 0.327672 1.000000 1.000000 1.000000
4180.458008 0.000000 2953.249023 0.000000 0.691170 0.000000 -0.722692 1.000000 1.000000 1.000000
4219.714355 0.000000 2948.252197 0.000000 0.484734 0.000000 -0.874662 1.000000 1.000000 1.000000
4205.392578 0.000000 2920.597900 0.000000 0.932328 0.000000 -0.361614 1.000000 1.000000 1.000000
4199.543457 0.000000 2925.702637 0.000000 0.265669 0.000000 0.964064 1.000000 1.000000 1.000000
4190.343262 0.000000 2942.754883 0.000000 0.997001 0.000000 0.077388 1.000000 1.000000 1.000000
4202.755371 0.000000 2923.441406 0.000000 0.348479 0.000000 0.937316 1.000000 1.000000 1.000000
4219.249023 0.000000 2927.097656 0.000000 0.896931 0.000000 -0.442171 1.000000 1.000000 1.000000
4218.886719 0.000000 2915.314941 0.000000 0.775352 0.000000 0.631530 1.000000 1.000000 1.000000
4222.222168 0.000000 2949.016602 0.000000 0.756617 0.000000 -0.653859 1.000000 1.000000 1.000000
4219.251953 0.000000 2937.377930 0.000000 0.749535 0.000000 -0.661965 1.000000 1.000000 1.000000
4213.456543 0.000000 2915.073975 0.000000 0.154822 0.000000 -0.987942 1.000000 1.000000 1.000000
4201.546875 0.000000 2947.694824 0.000000 0.554735 0.000000 -0.832027 1.000000 1.000000 1.000000
4220.576660 0.000000 2902.666016 0.000000 0.853135 0.000000 -0.521691 1.000000 1.000000 1.000000
4200.676270 0.000000 2919.675293 0.000000 0.945350 0.000000 0.326056 1.000000 1.000000 1.000000
4182.296875 0.000000 2953.061279 0.000000 0.007345 0.000000 0.999973 1.000000 1.000000 1.000000
4170.533691 0.000000 3004.548340 0.000000 0.778532 0.000000 0.627605 1.000000 1.000000 1.000000
4178.422363 0.000000 3000.869629 0.000000 0.632767 0.000000 -0.774342 1.000000 1.000000 1.000000
4197.290527 0.000000 2979.388672 0.000000 0.935774 0.000000 -0.352601 1.000000 1.000000 1.000000
4217.871094 0.000000 2986.421387 0.000000 0.093383 0.000000 0.995630 1.000000 1.000000 1.000000
4196.364746 0.000000 2975.098877 0.000000 0.969950 0.000000 0.243304 1.000000 1.000000 1.000000
4178.338379 0.000000 3019.778320 0.000000 0.986942 0.000000 0.161074 1.000000 1.000000 1.000000
4198.986328 0.000000 2968.074463 0.000000 0.868574 0.000000 0.495559 1.000000 1.000000 1.000000
4197.995117 0.000000 3017.385986 0.000000 0.655713 0.000000 0.755010 1.000000 1.000000 1.000000
4221.496094 0.000000 2980.757568 0.000000 0.773485 0.000000 0.633815 1.000000 1.000000 1.000000
4175.188477 0.000000 3002.262207 0.000000 0.644467 0.000000 0.764632 1.000000 1.000000 1.000000
4213.014648 0.000000 2974.012451 0.000000 0.942606 0.000000 0.333907 1.000000 1.000000 1.000000
4208.058105 0.000000 2989.041992 0.000000 0.987757 0.000000 0.156003 1.000000 1.000000 1.000000
4205.996094 0.000000 2971.120117 0.000000 0.820844 0.000000 0.571153 1.000000 1.000000 1.000000
4213.995117 0.000000 2980.990479 0.000000 0.945461 0.000000 0.325735 1.000000 1.000000 1.000000
4203.274902 0.000000 2974.870605 0.000000 0.088775 0.000000 0.996052 1.000000 1.000000 1.000000
4199.457520 0.000000 2976.154785 0.000000 0.961358 0.000000 -0.275302 1.000000 1.000000 1.000000
4248.044434 0.000000 2888.202393 0.000000 0.994607 0.000000 -0.103713 1.000000 1.000000 1.000000
4230.974121 0.000000 2945.688965 0.000000 0.859508 0.000000 -0.511122 1.000000 1.000000 1.000000
4237.072754 0.000000 2919.603027 0.000000 0.751669 0.000000 -0.659541 1.000000 1.000000 1.000000
4240.078125 0.000000 2934.282715 0.000000 0.482111 0.000000 -0.876110 1.000000 1.000000 1.000000
4227.113281 0.000000 2946.430420 0.000000 0.943715 0.000000 0.330759 1.000000 1.000000 1.000000
4251.075195 0.000000 2886.414307 0.000000 0.826522 0.000000 0.562905 1.000000 1.000000 1.000000
4236.855469 0.000000 2934.493896 0.000000 0.994373 0.000000 -0.105931 1.000000 1.000000 1.000000
4236.439941 0.000000 2922.488281 0.000000 0.182709 0.000000 0.983167 1.000000 1.000000 1.000000
4248.710938 0.000000 2893.711426 0.000000 0.997198 0.000000 0.074813 1.000000 1.000000 1.000000
4234.547852 0.000000 2933.905273 0.000000 0.894958 0.000000 -0.446150 1.000000 1.000000 1.000000
4224.893555 0.000000 2942.839355 0.000000 0.807822 0.000000 -0.589427 1.000000 1.000000 1.000000
4246.519531 0.000000 2894.352295 0.000000 0.558925 0.000000 -0.829218 1.000000 1.000000 1.000000
4247.139160 0.000000 2896.461426 0.000000 0.632327 0.000000 -0.774701 1.000000 1.000000 1.000000
4223.773438 0.000000 2936.816895 0.000000 0.697797 0.000000 -0.716296 1.000000 1.000000 1.000000
4207.952148 0.000000 3117.670410 0.000000 0.345189 0.000000 0.938533 1.000000 1.000000 1.000000
4209.766113 0.000000 3106.514648 0.000000 0.769342 0.000000 0.638837 1.000000 1.000000 1.000000
4208.572754 0.000000 3102.194092 0.000000 0.503729 0.000000 0.863862 1.000000 1.000000 1.000000
4183.479980 0.000000 3115.968506 0.000000 0.776560 0.000000 0.630043 1.000000 1.000000 1.000000
4182.296875 0.000000 3113.030029 0.000000 0.942127 0.000000 0.335258 1.000000 1.000000 1.000000
4209.905762 0.000000 3108.034668 0.000000 0.753745 0.000000 -0.657167 1.000000 1.000000 1.000000
4208.652832 0.000000 3107.562988 0.000000 0.652380 0.000000 0.757892 1.000000 1.000000 1.000000
4151.435547 0.000000 3161.068604 0.000000 0.934428 0.000000 -0.356152 1.000000 1.000000 1.000000
4138.165039 0.000000 3169.045166 0.000000 0.896842 0.000000 -0.442351 1.000000 1.000000 1.000000
4146.478516 0.000000 3168.686523 0.000000 0.711747 0.000000 0.702436 1.000000 1.000000 1.000000
4157.017090 0.000000 3164.183105 0.000000 0.994646 0.000000 -0.103336 1.000000 1.000000 1.000000
4150.702637 0.000000 3172.773682 0.000000 0.999791 0.000000 -0.020424 1.000000 1.000000 1.000000
4143.959961 0.000000 3197.654785 0.000000 0.689273 0.000000 -0.724502 1.000000 1.000000 1.000000
4153.015625 0.000000 3163.774902 0.000000 0.553947 0.000000 -0.832552 1.000000 1.000000 1.000000
4114.114746 0.000000 3138.643555 0.000000 0.244066 0.000000 -0.969759 1.000000 1.000000 1.000000
4116.416016 0.000000 3162.838867 0.000000 0.398830 0.000000 -0.917025 1.000000 1.000000 1.000000
4140.773926 0.000000 3168.711426 0.000000 0.352364 0.000000 0.935863 1.000000 1.000000 1.000000
4128.642578 0.000000 3176.101074 0.000000 0.753819 0.000000 -0.657083 1.000000 1.000000 1.000000
4116.702637 0.000000 3138.500488 0.000000 0.902530 0.000000 -0.430627 1.000000 1.000000 1.000000
4121.270020 0.000000 3138.632324 0.000000 0.394881 0.000000 -0.918732 1.000000 1.000000 1.000000
4121.481934 0.000000 3164.781494 0.000000 0.827702 0.000000 0.561168 1.000000 1.000000 1.000000
4148.310059 0.000000 3167.959473 0.000000 0.179948 0.000000 0.983676 1.000000 1.000000 1.000000
4164.040527 0.000000 3181.744385 0.000000 0.352252 0.000000 0.935905 1.000000 1.000000 1.000000
4196.123535 0.000000 3153.298096 0.000000 0.932767 0.000000 -0.360479 1.000000 1.000000 1.000000
4170.266113 0.000000 3194.802246 0.000000 0.696422 0.000000 -0.717633 1.000000 1.000000 1.000000
4201.870117 0.000000 3134.021240 0.000000 0.145234 0.000000 -0.989397 1.000000 1.000000 1.000000
4162.315918 0.000000 3176.542969 0.000000 0.756922 0.000000 -0.653505 1.000000 1.000000 1.000000
4202.493652 0.000000 3131.728271 0.000000 0.630206 0.000000 -0.776428 1.000000 1.000000 1.000000
4164.404297 0.000000 3179.865723 0.000000 0.770832 0.000000 0.637038 1.000000 1.000000 1.000000
4161.752930 0.000000 3146.423584 0.000000 0.424113 0.000000 0.905609 1.000000 1.000000 1.000000
4202.606445 0.000000 3130.351807 0.000000 0.477556 0.000000 -0.878601 1.000000 1.000000 1.000000
4147.019043 0.000000 3200.160645 0.000000 0.558001 0.000000 -0.829840 1.000000 1.000000 1.000000
"}
object={
	name="rock_mehnir_generator_1_1"
	clamp_to_water_level=no
	render_under_water=no
	generated_content=yes
	layer="tree_high_layer"
	pdxmesh="rock_mehnir_02_mesh"
	count=116
	transform="4217.502441 0.000000 2873.658691 0.000000 0.657172 0.000000 0.753741 1.000000 1.000000 1.000000
4215.269531 0.000000 2869.375244 0.000000 0.390995 0.000000 -0.920393 1.000000 1.000000 1.000000
4223.367676 0.000000 2879.352539 0.000000 0.877359 0.000000 0.479835 1.000000 1.000000 1.000000
4267.737305 0.000000 2794.663330 0.000000 0.464304 0.000000 -0.885676 1.000000 1.000000 1.000000
4265.601074 0.000000 2797.842529 0.000000 0.878985 0.000000 0.476849 1.000000 1.000000 1.000000
4281.386230 0.000000 2788.762695 0.000000 0.930150 0.000000 -0.367181 1.000000 1.000000 1.000000
4267.145508 0.000000 2796.513184 0.000000 0.660312 0.000000 0.750991 1.000000 1.000000 1.000000
4329.148926 0.000000 2775.272705 0.000000 0.658473 0.000000 0.752604 1.000000 1.000000 1.000000
4305.920410 0.000000 2796.911865 0.000000 0.890350 0.000000 -0.455276 1.000000 1.000000 1.000000
4330.739746 0.000000 2763.472656 0.000000 0.220397 0.000000 -0.975410 1.000000 1.000000 1.000000
4340.277832 0.000000 2759.798828 0.000000 0.796916 0.000000 -0.604091 1.000000 1.000000 1.000000
4326.916504 0.000000 2797.716064 0.000000 0.914373 0.000000 0.404873 1.000000 1.000000 1.000000
4325.121582 0.000000 2766.850830 0.000000 0.225575 0.000000 -0.974226 1.000000 1.000000 1.000000
4293.893555 0.000000 2796.512695 0.000000 0.304364 0.000000 -0.952556 1.000000 1.000000 1.000000
4330.611816 0.000000 2791.708984 0.000000 0.685026 0.000000 -0.728519 1.000000 1.000000 1.000000
4329.105469 0.000000 2789.821777 0.000000 0.464170 0.000000 -0.885746 1.000000 1.000000 1.000000
4340.004395 0.000000 2780.599854 0.000000 0.979359 0.000000 -0.202128 1.000000 1.000000 1.000000
4275.348633 0.000000 2836.628906 0.000000 0.302005 0.000000 -0.953306 1.000000 1.000000 1.000000
4249.117188 0.000000 2803.416016 0.000000 0.440294 0.000000 0.897854 1.000000 1.000000 1.000000
4258.314453 0.000000 2858.084717 0.000000 0.622355 0.000000 -0.782735 1.000000 1.000000 1.000000
4261.161133 0.000000 2824.167725 0.000000 0.724870 0.000000 0.688885 1.000000 1.000000 1.000000
4265.342773 0.000000 2822.054443 0.000000 0.655563 0.000000 0.755140 1.000000 1.000000 1.000000
4261.169922 0.000000 2849.464600 0.000000 0.988655 0.000000 0.150205 1.000000 1.000000 1.000000
4261.479980 0.000000 2827.503906 0.000000 0.136780 0.000000 -0.990601 1.000000 1.000000 1.000000
4261.482422 0.000000 2801.512695 0.000000 0.226987 0.000000 -0.973898 1.000000 1.000000 1.000000
4233.897461 0.000000 2840.479004 0.000000 0.990602 0.000000 0.136775 1.000000 1.000000 1.000000
4243.458496 0.000000 2829.453857 0.000000 0.392245 0.000000 -0.919861 1.000000 1.000000 1.000000
4278.104004 0.000000 2808.800293 0.000000 0.538124 0.000000 -0.842866 1.000000 1.000000 1.000000
4243.539551 0.000000 2832.533447 0.000000 0.745506 0.000000 -0.666499 1.000000 1.000000 1.000000
4228.750000 0.000000 2838.497559 0.000000 0.683682 0.000000 -0.729780 1.000000 1.000000 1.000000
4261.352539 0.000000 2809.509521 0.000000 0.989689 0.000000 0.143234 1.000000 1.000000 1.000000
4244.171875 0.000000 2834.571533 0.000000 0.444153 0.000000 0.895951 1.000000 1.000000 1.000000
4267.391602 0.000000 2820.481445 0.000000 0.920847 0.000000 0.389924 1.000000 1.000000 1.000000
4258.003906 0.000000 2809.006104 0.000000 0.610210 0.000000 -0.792239 1.000000 1.000000 1.000000
4259.468750 0.000000 2854.464111 0.000000 0.780677 0.000000 0.624934 1.000000 1.000000 1.000000
4223.915039 0.000000 2878.762207 0.000000 0.526629 0.000000 0.850095 1.000000 1.000000 1.000000
4294.966309 0.000000 2865.704590 0.000000 0.997798 0.000000 0.066322 1.000000 1.000000 1.000000
4325.474609 0.000000 2801.512695 0.000000 0.678425 0.000000 -0.734670 1.000000 1.000000 1.000000
4290.272949 0.000000 2832.577148 0.000000 0.131324 0.000000 -0.991340 1.000000 1.000000 1.000000
4311.127441 0.000000 2800.959473 0.000000 0.928767 0.000000 -0.370663 1.000000 1.000000 1.000000
4311.855957 0.000000 2809.920166 0.000000 0.798434 0.000000 -0.602082 1.000000 1.000000 1.000000
4313.816895 0.000000 2804.880371 0.000000 0.593400 0.000000 0.804908 1.000000 1.000000 1.000000
4217.426270 0.000000 2912.375732 0.000000 0.357843 0.000000 0.933782 1.000000 1.000000 1.000000
4217.954590 0.000000 2950.687256 0.000000 0.187306 0.000000 0.982302 1.000000 1.000000 1.000000
4202.508789 0.000000 2920.547852 0.000000 0.442362 0.000000 0.896837 1.000000 1.000000 1.000000
4219.842285 0.000000 2912.005127 0.000000 0.019147 0.000000 0.999817 1.000000 1.000000 1.000000
4197.337402 0.000000 2947.839844 0.000000 0.988905 0.000000 0.148551 1.000000 1.000000 1.000000
4189.506836 0.000000 2940.993164 0.000000 0.546220 0.000000 -0.837642 1.000000 1.000000 1.000000
4201.551270 0.000000 2922.070801 0.000000 0.998618 0.000000 0.052550 1.000000 1.000000 1.000000
4220.741211 0.000000 2936.787842 0.000000 0.186265 0.000000 0.982499 1.000000 1.000000 1.000000
4200.103027 0.000000 2972.089355 0.000000 0.745867 0.000000 -0.666094 1.000000 1.000000 1.000000
4182.072266 0.000000 3017.633789 0.000000 0.835443 0.000000 0.549577 1.000000 1.000000 1.000000
4194.206543 0.000000 3023.093506 0.000000 0.365033 0.000000 0.930995 1.000000 1.000000 1.000000
4195.177246 0.000000 3027.037598 0.000000 0.199708 0.000000 0.979856 1.000000 1.000000 1.000000
4178.920410 0.000000 3013.196045 0.000000 0.474525 0.000000 -0.880242 1.000000 1.000000 1.000000
4212.198730 0.000000 2980.161377 0.000000 0.199656 0.000000 0.979866 1.000000 1.000000 1.000000
4196.292480 0.000000 2967.469971 0.000000 0.999666 0.000000 -0.025859 1.000000 1.000000 1.000000
4198.175781 0.000000 2977.011719 0.000000 0.665655 0.000000 0.746259 1.000000 1.000000 1.000000
4214.073242 0.000000 2976.631348 0.000000 0.998538 0.000000 0.054060 1.000000 1.000000 1.000000
4200.658203 0.000000 2966.609375 0.000000 0.359703 0.000000 0.933067 1.000000 1.000000 1.000000
4180.656250 0.000000 3014.790771 0.000000 0.596312 0.000000 0.802753 1.000000 1.000000 1.000000
4212.595215 0.000000 2978.091309 0.000000 0.021511 0.000000 0.999769 1.000000 1.000000 1.000000
4216.005859 0.000000 2987.239990 0.000000 0.590799 0.000000 0.806819 1.000000 1.000000 1.000000
4179.783203 0.000000 3018.038086 0.000000 0.019169 0.000000 0.999816 1.000000 1.000000 1.000000
4204.367676 0.000000 2971.991699 0.000000 0.974085 0.000000 0.226182 1.000000 1.000000 1.000000
4215.199219 0.000000 2983.046387 0.000000 0.892268 0.000000 -0.451506 1.000000 1.000000 1.000000
4213.795410 0.000000 2986.761963 0.000000 0.682740 0.000000 -0.730661 1.000000 1.000000 1.000000
4213.523438 0.000000 2979.584717 0.000000 0.471782 0.000000 -0.881715 1.000000 1.000000 1.000000
4201.415527 0.000000 2972.721924 0.000000 0.224237 0.000000 -0.974535 1.000000 1.000000 1.000000
4197.199219 0.000000 3021.353271 0.000000 0.784516 0.000000 0.620108 1.000000 1.000000 1.000000
4196.321289 0.000000 3026.235107 0.000000 0.546507 0.000000 -0.837454 1.000000 1.000000 1.000000
4213.898438 0.000000 2977.918701 0.000000 0.928159 0.000000 -0.372184 1.000000 1.000000 1.000000
4215.624023 0.000000 2984.630371 0.000000 0.364472 0.000000 0.931214 1.000000 1.000000 1.000000
4219.482910 0.000000 2982.819580 0.000000 0.683398 0.000000 -0.730046 1.000000 1.000000 1.000000
4242.924805 0.000000 2929.965820 0.000000 0.131324 0.000000 -0.991340 1.000000 1.000000 1.000000
4249.588867 0.000000 2896.200195 0.000000 0.878525 0.000000 0.477697 1.000000 1.000000 1.000000
4240.347168 0.000000 2910.121338 0.000000 0.846781 0.000000 -0.531941 1.000000 1.000000 1.000000
4244.409180 0.000000 2885.050781 0.000000 0.947434 0.000000 0.319951 1.000000 1.000000 1.000000
4246.476074 0.000000 2892.806641 0.000000 0.979371 0.000000 -0.202071 1.000000 1.000000 1.000000
4223.677734 0.000000 2948.944580 0.000000 0.999532 0.000000 -0.030589 1.000000 1.000000 1.000000
4239.312012 0.000000 2930.488770 0.000000 0.384593 0.000000 -0.923086 1.000000 1.000000 1.000000
4249.187012 0.000000 2880.339844 0.000000 0.384761 0.000000 -0.923016 1.000000 1.000000 1.000000
4240.693359 0.000000 2928.006348 0.000000 0.516641 0.000000 0.856202 1.000000 1.000000 1.000000
4241.591797 0.000000 2917.557617 0.000000 0.999703 0.000000 -0.024351 1.000000 1.000000 1.000000
4253.493164 0.000000 2881.216553 0.000000 0.466146 0.000000 -0.884708 1.000000 1.000000 1.000000
4247.754395 0.000000 2895.360107 0.000000 0.917984 0.000000 0.396617 1.000000 1.000000 1.000000
4238.306152 0.000000 2918.202393 0.000000 0.309984 0.000000 -0.950742 1.000000 1.000000 1.000000
4243.950195 0.000000 2928.451904 0.000000 0.045946 0.000000 -0.998944 1.000000 1.000000 1.000000
4241.717285 0.000000 2908.860596 0.000000 0.111376 0.000000 0.993778 1.000000 1.000000 1.000000
4225.526367 0.000000 2945.344482 0.000000 0.881147 0.000000 0.472843 1.000000 1.000000 1.000000
4240.009277 0.000000 2932.617188 0.000000 0.920410 0.000000 0.390955 1.000000 1.000000 1.000000
4241.448242 0.000000 2933.299072 0.000000 0.396304 0.000000 -0.918119 1.000000 1.000000 1.000000
4227.067871 0.000000 2879.503174 0.000000 0.145021 0.000000 -0.989429 1.000000 1.000000 1.000000
4229.017090 0.000000 2881.342285 0.000000 0.596257 0.000000 0.802794 1.000000 1.000000 1.000000
4223.606445 0.000000 2978.937744 0.000000 0.132164 0.000000 -0.991228 1.000000 1.000000 1.000000
4206.812012 0.000000 3106.379395 0.000000 0.956880 0.000000 -0.290483 1.000000 1.000000 1.000000
4184.822754 0.000000 3110.306641 0.000000 0.949743 0.000000 0.313032 1.000000 1.000000 1.000000
4183.834473 0.000000 3113.880371 0.000000 0.382768 0.000000 -0.923845 1.000000 1.000000 1.000000
4185.238770 0.000000 3105.386230 0.000000 0.202698 0.000000 0.979241 1.000000 1.000000 1.000000
4206.231445 0.000000 3111.937988 0.000000 0.592069 0.000000 0.805887 1.000000 1.000000 1.000000
4101.651855 0.000000 3147.169678 0.000000 0.659587 0.000000 0.751628 1.000000 1.000000 1.000000
4101.077148 0.000000 3152.793457 0.000000 0.599098 0.000000 0.800676 1.000000 1.000000 1.000000
4105.820801 0.000000 3155.621826 0.000000 0.999458 0.000000 -0.032931 1.000000 1.000000 1.000000
4149.806641 0.000000 3169.484619 0.000000 0.892690 0.000000 -0.450671 1.000000 1.000000 1.000000
4100.466309 0.000000 3144.397705 0.000000 0.444666 0.000000 0.895696 1.000000 1.000000 1.000000
4138.870117 0.000000 3166.247070 0.000000 0.469544 0.000000 -0.882909 1.000000 1.000000 1.000000
4131.021973 0.000000 3179.709229 0.000000 0.978426 0.000000 -0.206600 1.000000 1.000000 1.000000
4130.196289 0.000000 3176.571777 0.000000 0.310963 0.000000 -0.950422 1.000000 1.000000 1.000000
4143.549805 0.000000 3169.694824 0.000000 0.878608 0.000000 0.477543 1.000000 1.000000 1.000000
4129.381836 0.000000 3179.139160 0.000000 0.200950 0.000000 0.979601 1.000000 1.000000 1.000000
4159.704102 0.000000 3170.398438 0.000000 0.988659 0.000000 0.150180 1.000000 1.000000 1.000000
4163.621582 0.000000 3197.677734 0.000000 0.993382 0.000000 -0.114856 1.000000 1.000000 1.000000
4202.663086 0.000000 3123.292969 0.000000 0.024553 0.000000 0.999699 1.000000 1.000000 1.000000
4188.437500 0.000000 3128.906738 0.000000 0.358377 0.000000 0.933577 1.000000 1.000000 1.000000
4200.540039 0.000000 3128.214111 0.000000 0.832867 0.000000 0.553474 1.000000 1.000000 1.000000
4164.974609 0.000000 3178.538574 0.000000 0.470706 0.000000 -0.882290 1.000000 1.000000 1.000000
"}
object={
	name="rock_mehnir_generator_1_2"
	clamp_to_water_level=no
	render_under_water=no
	generated_content=yes
	layer="tree_high_layer"
	pdxmesh="rock_mehnir_03_mesh"
	count=126
	transform="4222.988770 0.000000 2875.494141 0.000000 0.839357 0.000000 -0.543580 1.000000 1.000000 1.000000
4213.312500 0.000000 2870.052734 0.000000 0.384204 0.000000 0.923248 1.000000 1.000000 1.000000
4222.879883 0.000000 2876.909912 0.000000 0.032743 0.000000 0.999464 1.000000 1.000000 1.000000
4279.261719 0.000000 2789.390869 0.000000 0.921664 0.000000 0.387990 1.000000 1.000000 1.000000
4295.153320 0.000000 2794.294434 0.000000 0.884141 0.000000 0.467220 1.000000 1.000000 1.000000
4331.729492 0.000000 2794.663330 0.000000 0.200090 0.000000 -0.979777 1.000000 1.000000 1.000000
4308.246582 0.000000 2784.690186 0.000000 0.977244 0.000000 0.212118 1.000000 1.000000 1.000000
4339.340820 0.000000 2756.644531 0.000000 0.038841 0.000000 0.999245 1.000000 1.000000 1.000000
4334.772949 0.000000 2756.300781 0.000000 0.120348 0.000000 -0.992732 1.000000 1.000000 1.000000
4311.332031 0.000000 2781.639893 0.000000 0.991931 0.000000 0.126782 1.000000 1.000000 1.000000
4336.999023 0.000000 2759.589111 0.000000 0.974698 0.000000 -0.223527 1.000000 1.000000 1.000000
4298.000000 0.000000 2797.752441 0.000000 0.035715 0.000000 0.999362 1.000000 1.000000 1.000000
4305.174805 0.000000 2786.819336 0.000000 0.732282 0.000000 0.681001 1.000000 1.000000 1.000000
4322.418457 0.000000 2789.729248 0.000000 0.455100 0.000000 0.890440 1.000000 1.000000 1.000000
4332.683594 0.000000 2758.310791 0.000000 0.674167 0.000000 -0.738579 1.000000 1.000000 1.000000
4336.557129 0.000000 2782.256592 0.000000 0.923266 0.000000 -0.384161 1.000000 1.000000 1.000000
4307.131348 0.000000 2787.214600 0.000000 0.202271 0.000000 0.979330 1.000000 1.000000 1.000000
4326.704102 0.000000 2767.155762 0.000000 0.793457 0.000000 0.608627 1.000000 1.000000 1.000000
4260.839355 0.000000 2853.996094 0.000000 0.458033 0.000000 -0.888935 1.000000 1.000000 1.000000
4282.163574 0.000000 2864.165039 0.000000 0.919560 0.000000 -0.392950 1.000000 1.000000 1.000000
4246.121094 0.000000 2848.749756 0.000000 0.035808 0.000000 0.999359 1.000000 1.000000 1.000000
4255.017090 0.000000 2866.004395 0.000000 0.607031 0.000000 -0.794678 1.000000 1.000000 1.000000
4232.332520 0.000000 2853.397461 0.000000 0.838129 0.000000 -0.545471 1.000000 1.000000 1.000000
4276.285645 0.000000 2839.783203 0.000000 0.976542 0.000000 0.215327 1.000000 1.000000 1.000000
4286.105957 0.000000 2866.313232 0.000000 0.739542 0.000000 0.673111 1.000000 1.000000 1.000000
4257.505859 0.000000 2807.508789 0.000000 0.533153 0.000000 -0.846019 1.000000 1.000000 1.000000
4248.818848 0.000000 2811.343506 0.000000 0.530842 0.000000 0.847471 1.000000 1.000000 1.000000
4238.329102 0.000000 2852.699463 0.000000 0.887805 0.000000 -0.460220 1.000000 1.000000 1.000000
4259.473145 0.000000 2800.408936 0.000000 0.123532 0.000000 0.992341 1.000000 1.000000 1.000000
4282.809570 0.000000 2828.492432 0.000000 0.953628 0.000000 0.300989 1.000000 1.000000 1.000000
4263.230957 0.000000 2799.513916 0.000000 0.974510 0.000000 -0.224343 1.000000 1.000000 1.000000
4234.547852 0.000000 2853.920898 0.000000 0.922143 0.000000 -0.386849 1.000000 1.000000 1.000000
4249.466309 0.000000 2844.843994 0.000000 0.205574 0.000000 0.978642 1.000000 1.000000 1.000000
4225.822266 0.000000 2878.627930 0.000000 0.991525 0.000000 -0.129920 1.000000 1.000000 1.000000
4246.840332 0.000000 2846.960205 0.000000 0.998718 0.000000 -0.050611 1.000000 1.000000 1.000000
4243.950195 0.000000 2848.467529 0.000000 0.953320 0.000000 -0.301961 1.000000 1.000000 1.000000
4225.526367 0.000000 2865.360107 0.000000 0.842571 0.000000 0.538585 1.000000 1.000000 1.000000
4240.009277 0.000000 2852.632812 0.000000 0.608471 0.000000 -0.793576 1.000000 1.000000 1.000000
4247.637695 0.000000 2830.715576 0.000000 0.207867 0.000000 0.978157 1.000000 1.000000 1.000000
4264.062012 0.000000 2822.804443 0.000000 0.991676 0.000000 -0.128758 1.000000 1.000000 1.000000
4227.239258 0.000000 2864.924561 0.000000 0.598943 0.000000 0.800792 1.000000 1.000000 1.000000
4249.785156 0.000000 2843.443359 0.000000 0.127083 0.000000 -0.991892 1.000000 1.000000 1.000000
4250.132324 0.000000 2840.509766 0.000000 0.793511 0.000000 -0.608555 1.000000 1.000000 1.000000
4288.087402 0.000000 2864.340088 0.000000 0.843766 0.000000 -0.536711 1.000000 1.000000 1.000000
4301.914062 0.000000 2858.939209 0.000000 0.528760 0.000000 0.848771 1.000000 1.000000 1.000000
4294.101562 0.000000 2812.956787 0.000000 0.999098 0.000000 0.042455 1.000000 1.000000 1.000000
4321.054199 0.000000 2800.997314 0.000000 0.205838 0.000000 -0.978586 1.000000 1.000000 1.000000
4315.603027 0.000000 2811.766846 0.000000 0.974737 0.000000 -0.223354 1.000000 1.000000 1.000000
4294.569336 0.000000 2835.495850 0.000000 0.292668 0.000000 -0.956214 1.000000 1.000000 1.000000
4294.398438 0.000000 2810.597168 0.000000 0.676839 0.000000 -0.736131 1.000000 1.000000 1.000000
4325.218262 0.000000 2799.936279 0.000000 0.840325 0.000000 0.542084 1.000000 1.000000 1.000000
4312.446289 0.000000 2804.970459 0.000000 0.611328 0.000000 0.791377 1.000000 1.000000 1.000000
4218.833008 0.000000 2898.196533 0.000000 0.674847 0.000000 0.737958 1.000000 1.000000 1.000000
4221.009277 0.000000 2924.229980 0.000000 0.211280 0.000000 0.977426 1.000000 1.000000 1.000000
4220.832520 0.000000 2909.785400 0.000000 0.676228 0.000000 -0.736693 1.000000 1.000000 1.000000
4190.989258 0.000000 2939.351318 0.000000 0.452963 0.000000 -0.891529 1.000000 1.000000 1.000000
4183.834473 0.000000 2953.911621 0.000000 0.844085 0.000000 0.536210 1.000000 1.000000 1.000000
4221.885254 0.000000 2937.946777 0.000000 0.379676 0.000000 -0.925120 1.000000 1.000000 1.000000
4192.634766 0.000000 2936.147949 0.000000 0.669188 0.000000 -0.743093 1.000000 1.000000 1.000000
4218.940918 0.000000 2924.700928 0.000000 0.668750 0.000000 0.743487 1.000000 1.000000 1.000000
4188.863281 0.000000 2939.133545 0.000000 0.371266 0.000000 0.928527 1.000000 1.000000 1.000000
4204.068359 0.000000 2921.970947 0.000000 0.734895 0.000000 0.678181 1.000000 1.000000 1.000000
4220.630371 0.000000 2915.645508 0.000000 0.992055 0.000000 0.125803 1.000000 1.000000 1.000000
4201.784668 0.000000 2946.193848 0.000000 0.451410 0.000000 0.892317 1.000000 1.000000 1.000000
4182.336426 0.000000 2991.343018 0.000000 0.999228 0.000000 -0.039282 1.000000 1.000000 1.000000
4182.069824 0.000000 3013.109131 0.000000 0.843437 0.000000 0.537228 1.000000 1.000000 1.000000
4222.205078 0.000000 2977.458496 0.000000 0.788129 0.000000 0.615511 1.000000 1.000000 1.000000
4210.749023 0.000000 2984.396973 0.000000 0.673214 0.000000 0.739448 1.000000 1.000000 1.000000
4214.867188 0.000000 2985.561768 0.000000 0.884135 0.000000 -0.467232 1.000000 1.000000 1.000000
4185.099121 0.000000 2990.157959 0.000000 0.998821 0.000000 -0.048545 1.000000 1.000000 1.000000
4179.547363 0.000000 2992.502197 0.000000 0.217002 0.000000 0.976171 1.000000 1.000000 1.000000
4201.394531 0.000000 2969.575928 0.000000 0.991067 0.000000 -0.133363 1.000000 1.000000 1.000000
4215.830078 0.000000 2981.504883 0.000000 0.923358 0.000000 0.383941 1.000000 1.000000 1.000000
4201.870117 0.000000 2974.052490 0.000000 0.976955 0.000000 0.213446 1.000000 1.000000 1.000000
4212.134277 0.000000 2986.221924 0.000000 0.383900 0.000000 0.923375 1.000000 1.000000 1.000000
4180.959961 0.000000 3019.673340 0.000000 0.669473 0.000000 0.742836 1.000000 1.000000 1.000000
4220.576660 0.000000 2982.650391 0.000000 0.299386 0.000000 -0.954132 1.000000 1.000000 1.000000
4213.199707 0.000000 2984.687744 0.000000 0.609048 0.000000 -0.793134 1.000000 1.000000 1.000000
4177.726562 0.000000 3021.488525 0.000000 0.951401 0.000000 0.307954 1.000000 1.000000 1.000000
4200.287109 0.000000 2973.664062 0.000000 0.450421 0.000000 -0.892816 1.000000 1.000000 1.000000
4217.378418 0.000000 2987.864746 0.000000 0.203044 0.000000 -0.979170 1.000000 1.000000 1.000000
4205.617188 0.000000 2972.754150 0.000000 0.793094 0.000000 -0.609100 1.000000 1.000000 1.000000
4197.971680 0.000000 3024.103516 0.000000 0.730173 0.000000 0.683262 1.000000 1.000000 1.000000
4208.334961 0.000000 2987.598633 0.000000 0.791829 0.000000 -0.610742 1.000000 1.000000 1.000000
4201.204590 0.000000 2971.130859 0.000000 0.454488 0.000000 -0.890753 1.000000 1.000000 1.000000
4214.491211 0.000000 2984.236328 0.000000 0.381845 0.000000 -0.924226 1.000000 1.000000 1.000000
4221.273926 0.000000 2983.715576 0.000000 0.378850 0.000000 0.925458 1.000000 1.000000 1.000000
4196.648438 0.000000 3022.808350 0.000000 0.668974 0.000000 0.743285 1.000000 1.000000 1.000000
4252.161621 0.000000 2879.518799 0.000000 0.954013 0.000000 0.299764 1.000000 1.000000 1.000000
4223.687988 0.000000 2911.390381 0.000000 0.292391 0.000000 -0.956299 1.000000 1.000000 1.000000
4234.050293 0.000000 2879.632324 0.000000 0.531775 0.000000 0.846886 1.000000 1.000000 1.000000
4253.629395 0.000000 2883.260986 0.000000 0.998966 0.000000 -0.045459 1.000000 1.000000 1.000000
4245.949707 0.000000 2896.317627 0.000000 0.732224 0.000000 0.681064 1.000000 1.000000 1.000000
4239.916504 0.000000 2919.274658 0.000000 0.925511 0.000000 -0.378720 1.000000 1.000000 1.000000
4247.779297 0.000000 2897.402832 0.000000 0.671522 0.000000 -0.740984 1.000000 1.000000 1.000000
4238.495605 0.000000 2923.974854 0.000000 0.033999 0.000000 -0.999422 1.000000 1.000000 1.000000
4241.313965 0.000000 2925.770752 0.000000 0.883474 0.000000 -0.468480 1.000000 1.000000 1.000000
4240.772461 0.000000 2916.410400 0.000000 0.463013 0.000000 0.886351 1.000000 1.000000 1.000000
4237.343750 0.000000 2935.706055 0.000000 0.920817 0.000000 -0.389994 1.000000 1.000000 1.000000
4238.991211 0.000000 2933.769531 0.000000 0.209590 0.000000 0.977789 1.000000 1.000000 1.000000
4239.766113 0.000000 2935.513672 0.000000 0.208266 0.000000 0.978072 1.000000 1.000000 1.000000
4207.350098 0.000000 3100.584229 0.000000 0.212640 0.000000 -0.977131 1.000000 1.000000 1.000000
4208.382324 0.000000 3104.822510 0.000000 0.454093 0.000000 -0.890954 1.000000 1.000000 1.000000
4126.130371 0.000000 3153.041992 0.000000 0.298780 0.000000 0.954322 1.000000 1.000000 1.000000
4118.041016 0.000000 3164.930908 0.000000 0.842754 0.000000 0.538299 1.000000 1.000000 1.000000
4115.652832 0.000000 3141.048096 0.000000 0.290332 0.000000 0.956926 1.000000 1.000000 1.000000
4126.997070 0.000000 3179.304443 0.000000 0.124502 0.000000 0.992219 1.000000 1.000000 1.000000
4149.075684 0.000000 3175.591064 0.000000 0.991120 0.000000 0.132974 1.000000 1.000000 1.000000
4120.399414 0.000000 3162.919678 0.000000 0.668021 0.000000 -0.744142 1.000000 1.000000 1.000000
4135.608398 0.000000 3168.368896 0.000000 0.839752 0.000000 0.542969 1.000000 1.000000 1.000000
4154.948730 0.000000 3164.654053 0.000000 0.383569 0.000000 0.923512 1.000000 1.000000 1.000000
4145.739746 0.000000 3198.691895 0.000000 0.888499 0.000000 -0.458879 1.000000 1.000000 1.000000
4103.074219 0.000000 3152.365479 0.000000 0.211568 0.000000 0.977363 1.000000 1.000000 1.000000
4118.474609 0.000000 3162.597168 0.000000 0.977085 0.000000 0.212849 1.000000 1.000000 1.000000
4128.450195 0.000000 3178.041016 0.000000 0.791164 0.000000 0.611604 1.000000 1.000000 1.000000
4145.264648 0.000000 3167.628418 0.000000 0.607574 0.000000 -0.794263 1.000000 1.000000 1.000000
4142.277832 0.000000 3168.994141 0.000000 0.924539 0.000000 0.381087 1.000000 1.000000 1.000000
4159.695801 0.000000 3151.343506 0.000000 0.203697 0.000000 -0.979034 1.000000 1.000000 1.000000
4160.268555 0.000000 3193.216797 0.000000 0.999238 0.000000 -0.039021 1.000000 1.000000 1.000000
4197.168945 0.000000 3144.105225 0.000000 0.839800 0.000000 0.542896 1.000000 1.000000 1.000000
4197.487793 0.000000 3147.441406 0.000000 0.885397 0.000000 -0.464835 1.000000 1.000000 1.000000
4162.929199 0.000000 3178.877686 0.000000 0.374026 0.000000 0.927418 1.000000 1.000000 1.000000
4160.246582 0.000000 3147.000732 0.000000 0.381418 0.000000 -0.924403 1.000000 1.000000 1.000000
4160.118652 0.000000 3149.383789 0.000000 0.375175 0.000000 0.926954 1.000000 1.000000 1.000000
4196.005859 0.000000 3148.288574 0.000000 0.605576 0.000000 0.795787 1.000000 1.000000 1.000000
4203.147949 0.000000 3133.178955 0.000000 0.381037 0.000000 0.924560 1.000000 1.000000 1.000000
"}
object={
	name="rock_mehnir_generator_1_3"
	clamp_to_water_level=no
	render_under_water=no
	generated_content=yes
	layer="tree_high_layer"
	pdxmesh="rock_mehnir_04_mesh"
	count=126
	transform="4220.162109 0.000000 2864.349121 0.000000 0.989394 0.000000 -0.145253 1.000000 1.000000 1.000000
4222.867676 0.000000 2864.562744 0.000000 0.845680 0.000000 0.533690 1.000000 1.000000 1.000000
4222.593750 0.000000 2878.282959 0.000000 0.362380 0.000000 -0.932031 1.000000 1.000000 1.000000
4270.077637 0.000000 2789.194092 0.000000 0.916248 0.000000 -0.400611 1.000000 1.000000 1.000000
4264.822754 0.000000 2795.898682 0.000000 0.521091 0.000000 -0.853501 1.000000 1.000000 1.000000
4276.638672 0.000000 2786.413086 0.000000 0.540261 0.000000 0.841497 1.000000 1.000000 1.000000
4333.376953 0.000000 2760.629150 0.000000 0.958046 0.000000 0.286614 1.000000 1.000000 1.000000
4338.191406 0.000000 2780.790039 0.000000 0.782152 0.000000 -0.623087 1.000000 1.000000 1.000000
4332.798828 0.000000 2792.154785 0.000000 0.547050 0.000000 0.837100 1.000000 1.000000 1.000000
4334.459961 0.000000 2777.944092 0.000000 0.391542 0.000000 0.920160 1.000000 1.000000 1.000000
4329.414062 0.000000 2777.749268 0.000000 0.721532 0.000000 -0.692381 1.000000 1.000000 1.000000
4342.895508 0.000000 2778.582275 0.000000 0.051802 0.000000 0.998657 1.000000 1.000000 1.000000
4328.814941 0.000000 2795.898682 0.000000 0.926846 0.000000 0.375441 1.000000 1.000000 1.000000
4333.539551 0.000000 2793.937744 0.000000 0.726800 0.000000 -0.686849 1.000000 1.000000 1.000000
4342.722168 0.000000 2776.664795 0.000000 0.468818 0.000000 0.883295 1.000000 1.000000 1.000000
4335.166504 0.000000 2776.474121 0.000000 0.367522 0.000000 -0.930015 1.000000 1.000000 1.000000
4231.209473 0.000000 2838.433350 0.000000 0.058427 0.000000 0.998292 1.000000 1.000000 1.000000
4275.815430 0.000000 2816.166016 0.000000 0.947816 0.000000 -0.318818 1.000000 1.000000 1.000000
4254.551758 0.000000 2807.133057 0.000000 0.101640 0.000000 -0.994821 1.000000 1.000000 1.000000
4255.928223 0.000000 2839.394287 0.000000 0.366047 0.000000 -0.930596 1.000000 1.000000 1.000000
4259.280762 0.000000 2809.912354 0.000000 0.041101 0.000000 0.999155 1.000000 1.000000 1.000000
4262.978516 0.000000 2808.105713 0.000000 0.617747 0.000000 0.786377 1.000000 1.000000 1.000000
4246.119141 0.000000 2835.200684 0.000000 0.388098 0.000000 0.921618 1.000000 1.000000 1.000000
4247.262207 0.000000 2826.948242 0.000000 0.018043 0.000000 -0.999837 1.000000 1.000000 1.000000
4285.479004 0.000000 2863.331543 0.000000 0.594142 0.000000 -0.804360 1.000000 1.000000 1.000000
4238.110840 0.000000 2827.822510 0.000000 0.999694 0.000000 0.024722 1.000000 1.000000 1.000000
4236.855469 0.000000 2854.509521 0.000000 0.514245 0.000000 -0.857643 1.000000 1.000000 1.000000
4258.393066 0.000000 2851.032471 0.000000 0.959165 0.000000 0.282849 1.000000 1.000000 1.000000
4244.309570 0.000000 2861.861572 0.000000 0.749979 0.000000 0.661462 1.000000 1.000000 1.000000
4273.982422 0.000000 2817.859375 0.000000 0.393662 0.000000 0.919255 1.000000 1.000000 1.000000
4259.567383 0.000000 2856.060303 0.000000 0.622085 0.000000 0.782950 1.000000 1.000000 1.000000
4253.767090 0.000000 2838.998535 0.000000 0.189158 0.000000 -0.981947 1.000000 1.000000 1.000000
4244.970703 0.000000 2846.884766 0.000000 0.891249 0.000000 0.453514 1.000000 1.000000 1.000000
4284.154297 0.000000 2864.349121 0.000000 0.918709 0.000000 -0.394935 1.000000 1.000000 1.000000
4241.448242 0.000000 2853.314697 0.000000 0.543696 0.000000 0.839283 1.000000 1.000000 1.000000
4227.093262 0.000000 2879.049805 0.000000 0.102826 0.000000 -0.994699 1.000000 1.000000 1.000000
4257.496582 0.000000 2810.194092 0.000000 0.526745 0.000000 -0.850023 1.000000 1.000000 1.000000
4293.053711 0.000000 2832.855957 0.000000 0.998273 0.000000 -0.058739 1.000000 1.000000 1.000000
4313.109375 0.000000 2803.416016 0.000000 0.138341 0.000000 0.990385 1.000000 1.000000 1.000000
4297.797363 0.000000 2835.684326 0.000000 0.915603 0.000000 -0.402083 1.000000 1.000000 1.000000
4300.596191 0.000000 2861.706055 0.000000 0.893849 0.000000 0.448369 1.000000 1.000000 1.000000
4295.787109 0.000000 2800.291260 0.000000 0.892022 0.000000 0.451993 1.000000 1.000000 1.000000
4292.402344 0.000000 2799.461914 0.000000 0.956806 0.000000 0.290728 1.000000 1.000000 1.000000
4323.465332 0.000000 2800.408936 0.000000 0.682122 0.000000 0.731238 1.000000 1.000000 1.000000
4314.059570 0.000000 2809.319092 0.000000 0.947350 0.000000 -0.320201 1.000000 1.000000 1.000000
4327.223145 0.000000 2799.513916 0.000000 0.283817 0.000000 -0.958879 1.000000 1.000000 1.000000
4313.937988 0.000000 2807.653076 0.000000 0.800809 0.000000 0.598920 1.000000 1.000000 1.000000
4303.109375 0.000000 2799.745850 0.000000 0.620140 0.000000 0.784491 1.000000 1.000000 1.000000
4310.711914 0.000000 2799.464844 0.000000 0.999622 0.000000 0.027479 1.000000 1.000000 1.000000
4310.638184 0.000000 2808.782715 0.000000 0.739512 0.000000 0.673143 1.000000 1.000000 1.000000
4206.812012 0.000000 2946.410645 0.000000 0.361755 0.000000 -0.932273 1.000000 1.000000 1.000000
4184.906738 0.000000 2957.284668 0.000000 0.993338 0.000000 0.115239 1.000000 1.000000 1.000000
4221.254883 0.000000 2935.277588 0.000000 0.998725 0.000000 -0.050485 1.000000 1.000000 1.000000
4203.336426 0.000000 2949.771729 0.000000 0.979837 0.000000 0.199796 1.000000 1.000000 1.000000
4188.901367 0.000000 2932.349609 0.000000 0.612860 0.000000 0.790192 1.000000 1.000000 1.000000
4223.395508 0.000000 2926.813232 0.000000 0.894696 0.000000 0.446675 1.000000 1.000000 1.000000
4191.283691 0.000000 2932.262695 0.000000 0.012876 0.000000 -0.999917 1.000000 1.000000 1.000000
4210.530273 0.000000 2912.387207 0.000000 0.741019 0.000000 0.671484 1.000000 1.000000 1.000000
4218.349609 0.000000 2910.562012 0.000000 0.848601 0.000000 0.529033 1.000000 1.000000 1.000000
4191.573242 0.000000 2941.337891 0.000000 0.978918 0.000000 0.204254 1.000000 1.000000 1.000000
4197.725098 0.000000 2925.203613 0.000000 0.617973 0.000000 0.786200 1.000000 1.000000 1.000000
4222.867676 0.000000 2944.547119 0.000000 0.722593 0.000000 -0.691273 1.000000 1.000000 1.000000
4223.006836 0.000000 2937.288818 0.000000 0.830080 0.000000 -0.557644 1.000000 1.000000 1.000000
4213.449707 0.000000 2982.863525 0.000000 0.744712 0.000000 0.667386 1.000000 1.000000 1.000000
4194.322266 0.000000 3018.053467 0.000000 0.977671 0.000000 0.210141 1.000000 1.000000 1.000000
4218.470703 0.000000 2982.296143 0.000000 0.438072 0.000000 -0.898940 1.000000 1.000000 1.000000
4215.856934 0.000000 2974.996094 0.000000 0.999461 0.000000 0.032814 1.000000 1.000000 1.000000
4197.832520 0.000000 3022.618164 0.000000 0.998051 0.000000 -0.062397 1.000000 1.000000 1.000000
4194.142090 0.000000 2977.793945 0.000000 0.801350 0.000000 0.598196 1.000000 1.000000 1.000000
4182.126953 0.000000 2962.794922 0.000000 0.226252 0.000000 0.974069 1.000000 1.000000 1.000000
4172.447754 0.000000 3002.472656 0.000000 0.928051 0.000000 0.372453 1.000000 1.000000 1.000000
4199.061035 0.000000 2974.648193 0.000000 0.475012 0.000000 0.879979 1.000000 1.000000 1.000000
4196.117188 0.000000 3023.889648 0.000000 0.749098 0.000000 0.662459 1.000000 1.000000 1.000000
4196.161133 0.000000 2977.379883 0.000000 0.931450 0.000000 0.363869 1.000000 1.000000 1.000000
4216.463379 0.000000 2985.590820 0.000000 0.950415 0.000000 -0.310986 1.000000 1.000000 1.000000
4218.691895 0.000000 2983.659424 0.000000 0.746052 0.000000 0.665887 1.000000 1.000000 1.000000
4224.095215 0.000000 2944.324463 0.000000 0.989953 0.000000 -0.141398 1.000000 1.000000 1.000000
4231.209473 0.000000 2918.417725 0.000000 0.140691 0.000000 0.990054 1.000000 1.000000 1.000000
4227.643555 0.000000 2920.473877 0.000000 0.198437 0.000000 -0.980114 1.000000 1.000000 1.000000
4238.986816 0.000000 2916.466309 0.000000 0.780742 0.000000 -0.624854 1.000000 1.000000 1.000000
4232.332520 0.000000 2933.381836 0.000000 0.392377 0.000000 0.919805 1.000000 1.000000 1.000000
4242.714844 0.000000 2882.300537 0.000000 0.106603 0.000000 -0.994302 1.000000 1.000000 1.000000
4243.458496 0.000000 2909.438232 0.000000 0.358359 0.000000 -0.933584 1.000000 1.000000 1.000000
4241.018555 0.000000 2907.133057 0.000000 0.655171 0.000000 -0.755480 1.000000 1.000000 1.000000
4230.555664 0.000000 2942.925293 0.000000 0.683741 0.000000 0.729725 1.000000 1.000000 1.000000
4254.806152 0.000000 2879.548340 0.000000 0.992649 0.000000 0.121030 1.000000 1.000000 1.000000
4228.622070 0.000000 2944.421143 0.000000 0.988786 0.000000 -0.149341 1.000000 1.000000 1.000000
4231.794922 0.000000 2880.275635 0.000000 0.202489 0.000000 -0.979285 1.000000 1.000000 1.000000
4225.934570 0.000000 2923.014404 0.000000 0.989650 0.000000 -0.143504 1.000000 1.000000 1.000000
4228.410156 0.000000 2879.446289 0.000000 0.108607 0.000000 -0.994085 1.000000 1.000000 1.000000
4252.975586 0.000000 2885.337158 0.000000 0.847678 0.000000 0.530511 1.000000 1.000000 1.000000
4229.117676 0.000000 2946.364746 0.000000 0.989869 0.000000 -0.141983 1.000000 1.000000 1.000000
4229.941406 0.000000 2880.187500 0.000000 0.141767 0.000000 0.989900 1.000000 1.000000 1.000000
4255.381836 0.000000 2881.118652 0.000000 0.538613 0.000000 0.842553 1.000000 1.000000 1.000000
4238.265625 0.000000 2934.735840 0.000000 0.465837 0.000000 0.884871 1.000000 1.000000 1.000000
4223.853027 0.000000 2980.286865 0.000000 0.998356 0.000000 -0.057319 1.000000 1.000000 1.000000
4184.906738 0.000000 3117.253418 0.000000 0.138607 0.000000 0.990347 1.000000 1.000000 1.000000
4207.483887 0.000000 3111.763184 0.000000 0.545880 0.000000 0.837863 1.000000 1.000000 1.000000
4204.814453 0.000000 3112.092285 0.000000 0.520560 0.000000 -0.853825 1.000000 1.000000 1.000000
4208.497559 0.000000 3108.940186 0.000000 0.467407 0.000000 0.884042 1.000000 1.000000 1.000000
4209.617676 0.000000 3111.127197 0.000000 0.801856 0.000000 0.597517 1.000000 1.000000 1.000000
4207.362793 0.000000 3110.125000 0.000000 0.593562 0.000000 -0.804788 1.000000 1.000000 1.000000
4148.613770 0.000000 3178.891602 0.000000 0.801198 0.000000 0.598400 1.000000 1.000000 1.000000
4105.599609 0.000000 3144.016846 0.000000 0.590730 0.000000 -0.806869 1.000000 1.000000 1.000000
4142.500000 0.000000 3170.736328 0.000000 0.144949 0.000000 0.989439 1.000000 1.000000 1.000000
4105.043457 0.000000 3152.005615 0.000000 0.992690 0.000000 0.120691 1.000000 1.000000 1.000000
4155.256836 0.000000 3167.050781 0.000000 0.833963 0.000000 -0.551820 1.000000 1.000000 1.000000
4148.520996 0.000000 3165.912842 0.000000 0.998059 0.000000 -0.062281 1.000000 1.000000 1.000000
4132.731934 0.000000 3179.919922 0.000000 0.832956 0.000000 -0.553340 1.000000 1.000000 1.000000
4098.296387 0.000000 3152.514648 0.000000 0.837961 0.000000 -0.545730 1.000000 1.000000 1.000000
4103.001465 0.000000 3144.717773 0.000000 0.222518 0.000000 0.974928 1.000000 1.000000 1.000000
4157.659668 0.000000 3193.677979 0.000000 0.369140 0.000000 -0.929374 1.000000 1.000000 1.000000
4140.013672 0.000000 3170.536621 0.000000 0.918673 0.000000 -0.395018 1.000000 1.000000 1.000000
4132.204590 0.000000 3177.948730 0.000000 0.784064 0.000000 -0.620680 1.000000 1.000000 1.000000
4165.463867 0.000000 3177.128174 0.000000 0.993722 0.000000 0.111881 1.000000 1.000000 1.000000
4200.103027 0.000000 3132.058105 0.000000 0.801253 0.000000 0.598326 1.000000 1.000000 1.000000
4161.267090 0.000000 3144.878906 0.000000 0.973763 0.000000 -0.227564 1.000000 1.000000 1.000000
4162.077148 0.000000 3174.161621 0.000000 0.723271 0.000000 -0.690564 1.000000 1.000000 1.000000
4171.294922 0.000000 3184.440674 0.000000 0.279115 0.000000 -0.960258 1.000000 1.000000 1.000000
4204.166504 0.000000 3129.945557 0.000000 0.654269 0.000000 -0.756262 1.000000 1.000000 1.000000
4162.288574 0.000000 3152.514648 0.000000 0.679500 0.000000 0.733676 1.000000 1.000000 1.000000
4161.755371 0.000000 3150.548340 0.000000 0.544469 0.000000 0.838781 1.000000 1.000000 1.000000
4173.819336 0.000000 3166.631592 0.000000 0.925421 0.000000 0.378941 1.000000 1.000000 1.000000
4186.221191 0.000000 3132.760254 0.000000 0.657337 0.000000 -0.753596 1.000000 1.000000 1.000000
4190.098145 0.000000 3128.805908 0.000000 0.684206 0.000000 0.729288 1.000000 1.000000 1.000000
4200.287109 0.000000 3133.632812 0.000000 0.190445 0.000000 -0.981698 1.000000 1.000000 1.000000
"}
object={
	name="rock_mehnir_generator_1_4"
	clamp_to_water_level=no
	render_under_water=no
	generated_content=yes
	layer="tree_high_layer"
	pdxmesh="rock_mehnir_05_mesh"
	count=103
	transform="4218.171387 0.000000 2864.165039 0.000000 0.266891 0.000000 -0.963727 1.000000 1.000000 1.000000
4221.581055 0.000000 2877.472656 0.000000 0.982815 0.000000 0.184593 1.000000 1.000000 1.000000
4260.726562 0.000000 2799.445312 0.000000 0.752831 0.000000 0.658214 1.000000 1.000000 1.000000
4273.758301 0.000000 2786.577148 0.000000 0.477750 0.000000 0.878496 1.000000 1.000000 1.000000
4278.828125 0.000000 2787.064697 0.000000 0.402174 0.000000 0.915563 1.000000 1.000000 1.000000
4340.590332 0.000000 2778.969727 0.000000 0.869821 0.000000 -0.493367 1.000000 1.000000 1.000000
4324.718750 0.000000 2799.445312 0.000000 0.239205 0.000000 0.970969 1.000000 1.000000 1.000000
4323.161621 0.000000 2787.084473 0.000000 0.871915 0.000000 -0.489657 1.000000 1.000000 1.000000
4322.204102 0.000000 2798.012695 0.000000 0.718843 0.000000 -0.695173 1.000000 1.000000 1.000000
4321.311035 0.000000 2785.491699 0.000000 0.982008 0.000000 0.188841 1.000000 1.000000 1.000000
4334.918945 0.000000 2758.870850 0.000000 0.999936 0.000000 0.011336 1.000000 1.000000 1.000000
4311.003906 0.000000 2779.591064 0.000000 0.994032 0.000000 0.109092 1.000000 1.000000 1.000000
4331.482910 0.000000 2793.035400 0.000000 0.406449 0.000000 0.913673 1.000000 1.000000 1.000000
4268.792969 0.000000 2819.042480 0.000000 0.327026 0.000000 0.945015 1.000000 1.000000 1.000000
4246.328613 0.000000 2831.374268 0.000000 0.513915 0.000000 -0.857841 1.000000 1.000000 1.000000
4251.296875 0.000000 2843.569336 0.000000 0.997432 0.000000 -0.071621 1.000000 1.000000 1.000000
4242.924805 0.000000 2849.981445 0.000000 0.427926 0.000000 -0.903814 1.000000 1.000000 1.000000
4230.974121 0.000000 2865.704590 0.000000 0.999848 0.000000 0.017432 1.000000 1.000000 1.000000
4274.384766 0.000000 2843.267822 0.000000 0.994547 0.000000 0.104294 1.000000 1.000000 1.000000
4276.820801 0.000000 2832.524658 0.000000 0.147979 0.000000 0.988991 1.000000 1.000000 1.000000
4286.915527 0.000000 2803.068359 0.000000 0.406642 0.000000 0.913588 1.000000 1.000000 1.000000
4252.904297 0.000000 2836.862793 0.000000 0.561258 0.000000 0.827641 1.000000 1.000000 1.000000
4251.430664 0.000000 2840.034424 0.000000 0.630120 0.000000 0.776498 1.000000 1.000000 1.000000
4248.383789 0.000000 2842.982178 0.000000 0.401350 0.000000 0.915925 1.000000 1.000000 1.000000
4252.429688 0.000000 2808.969238 0.000000 0.347010 0.000000 -0.937861 1.000000 1.000000 1.000000
4256.968262 0.000000 2811.332520 0.000000 0.091693 0.000000 -0.995787 1.000000 1.000000 1.000000
4245.737305 0.000000 2828.878906 0.000000 0.934542 0.000000 0.355852 1.000000 1.000000 1.000000
4260.562012 0.000000 2851.807861 0.000000 0.482815 0.000000 0.875722 1.000000 1.000000 1.000000
4247.104980 0.000000 2833.302734 0.000000 0.981282 0.000000 0.192578 1.000000 1.000000 1.000000
4260.048340 0.000000 2826.056641 0.000000 0.970309 0.000000 -0.241867 1.000000 1.000000 1.000000
4279.117676 0.000000 2810.567383 0.000000 0.144758 0.000000 0.989467 1.000000 1.000000 1.000000
4247.565918 0.000000 2829.157471 0.000000 0.551791 0.000000 0.833982 1.000000 1.000000 1.000000
4265.782227 0.000000 2799.482178 0.000000 0.649494 0.000000 -0.760367 1.000000 1.000000 1.000000
4232.055176 0.000000 2840.707764 0.000000 0.399621 0.000000 0.916681 1.000000 1.000000 1.000000
4249.641113 0.000000 2801.910645 0.000000 0.324746 0.000000 0.945801 1.000000 1.000000 1.000000
4231.553711 0.000000 2864.217041 0.000000 0.996760 0.000000 -0.080427 1.000000 1.000000 1.000000
4236.806641 0.000000 2852.808105 0.000000 0.986764 0.000000 -0.162163 1.000000 1.000000 1.000000
4264.873047 0.000000 2823.661133 0.000000 0.995642 0.000000 0.093253 1.000000 1.000000 1.000000
4259.227539 0.000000 2857.264404 0.000000 0.909547 0.000000 -0.415601 1.000000 1.000000 1.000000
4310.468262 0.000000 2812.822266 0.000000 0.087382 0.000000 -0.996175 1.000000 1.000000 1.000000
4304.953613 0.000000 2799.490967 0.000000 0.854888 0.000000 0.518812 1.000000 1.000000 1.000000
4299.279297 0.000000 2864.503174 0.000000 0.693255 0.000000 0.720693 1.000000 1.000000 1.000000
4315.067383 0.000000 2806.429932 0.000000 0.999872 0.000000 0.016013 1.000000 1.000000 1.000000
4310.111328 0.000000 2802.826172 0.000000 0.907752 0.000000 -0.419508 1.000000 1.000000 1.000000
4312.811035 0.000000 2811.343506 0.000000 0.933005 0.000000 0.359862 1.000000 1.000000 1.000000
4310.247070 0.000000 2810.278564 0.000000 0.718890 0.000000 -0.695124 1.000000 1.000000 1.000000
4312.703125 0.000000 2813.727051 0.000000 0.355708 0.000000 -0.934597 1.000000 1.000000 1.000000
4296.270020 0.000000 2834.094727 0.000000 0.511141 0.000000 -0.859497 1.000000 1.000000 1.000000
4299.992188 0.000000 2863.133057 0.000000 0.713257 0.000000 -0.700902 1.000000 1.000000 1.000000
4187.173828 0.000000 2940.334473 0.000000 0.322824 0.000000 0.946459 1.000000 1.000000 1.000000
4212.828613 0.000000 2912.509033 0.000000 0.409505 0.000000 0.912308 1.000000 1.000000 1.000000
4218.470703 0.000000 2902.311768 0.000000 0.999928 0.000000 0.012003 1.000000 1.000000 1.000000
4193.101562 0.000000 2933.664551 0.000000 0.858268 0.000000 0.513201 1.000000 1.000000 1.000000
4203.529297 0.000000 2946.537109 0.000000 0.960466 0.000000 0.278398 1.000000 1.000000 1.000000
4193.334961 0.000000 2940.566406 0.000000 0.769419 0.000000 -0.638744 1.000000 1.000000 1.000000
4192.442383 0.000000 2938.087891 0.000000 0.900380 0.000000 0.435105 1.000000 1.000000 1.000000
4222.414062 0.000000 2909.095459 0.000000 0.970355 0.000000 -0.241686 1.000000 1.000000 1.000000
4205.187988 0.000000 2946.726074 0.000000 0.575965 0.000000 -0.817474 1.000000 1.000000 1.000000
4222.062012 0.000000 2936.433838 0.000000 0.429286 0.000000 -0.903168 1.000000 1.000000 1.000000
4211.823242 0.000000 2976.134766 0.000000 0.943740 0.000000 -0.330689 1.000000 1.000000 1.000000
4200.927734 0.000000 2976.655762 0.000000 0.911804 0.000000 -0.410625 1.000000 1.000000 1.000000
4209.765625 0.000000 2987.456787 0.000000 0.718629 0.000000 -0.695393 1.000000 1.000000 1.000000
4216.385742 0.000000 2989.290283 0.000000 0.768229 0.000000 -0.640175 1.000000 1.000000 1.000000
4197.476562 0.000000 3025.475830 0.000000 0.999902 0.000000 0.014029 1.000000 1.000000 1.000000
4197.337402 0.000000 3027.824219 0.000000 0.697301 0.000000 0.716779 1.000000 1.000000 1.000000
4220.823242 0.000000 2978.891602 0.000000 0.996852 0.000000 -0.079282 1.000000 1.000000 1.000000
4180.756348 0.000000 3016.520020 0.000000 0.062062 0.000000 0.998072 1.000000 1.000000 1.000000
4222.488281 0.000000 2979.103516 0.000000 0.633387 0.000000 0.773835 1.000000 1.000000 1.000000
4182.087891 0.000000 3014.589111 0.000000 0.423004 0.000000 -0.906128 1.000000 1.000000 1.000000
4215.302734 0.000000 2980.232910 0.000000 0.404269 0.000000 0.914640 1.000000 1.000000 1.000000
4211.176758 0.000000 2987.157227 0.000000 0.577328 0.000000 -0.816512 1.000000 1.000000 1.000000
4226.426758 0.000000 2880.647217 0.000000 0.997276 0.000000 -0.073764 1.000000 1.000000 1.000000
4239.552246 0.000000 2925.583008 0.000000 0.238603 0.000000 0.971117 1.000000 1.000000 1.000000
4247.092285 0.000000 2899.282471 0.000000 0.874993 0.000000 -0.484135 1.000000 1.000000 1.000000
4241.719727 0.000000 2903.875977 0.000000 0.896638 0.000000 0.442764 1.000000 1.000000 1.000000
4251.449707 0.000000 2881.940674 0.000000 0.486010 0.000000 0.873953 1.000000 1.000000 1.000000
4224.110840 0.000000 2909.430664 0.000000 0.316864 0.000000 0.948471 1.000000 1.000000 1.000000
4241.798340 0.000000 2934.764893 0.000000 0.999814 0.000000 0.019277 1.000000 1.000000 1.000000
4244.312012 0.000000 2883.364746 0.000000 0.582229 0.000000 -0.813025 1.000000 1.000000 1.000000
4246.250000 0.000000 2897.913330 0.000000 0.999951 0.000000 0.009883 1.000000 1.000000 1.000000
4242.237305 0.000000 2928.408691 0.000000 0.997255 0.000000 -0.074040 1.000000 1.000000 1.000000
4236.806641 0.000000 2932.792480 0.000000 0.999858 0.000000 0.016858 1.000000 1.000000 1.000000
4207.252441 0.000000 3114.725098 0.000000 0.505117 0.000000 -0.863051 1.000000 1.000000 1.000000
4208.272461 0.000000 3106.297363 0.000000 0.963941 0.000000 0.266115 1.000000 1.000000 1.000000
4158.426270 0.000000 3144.313721 0.000000 0.646384 0.000000 -0.763012 1.000000 1.000000 1.000000
4147.377930 0.000000 3194.108887 0.000000 0.981083 0.000000 0.193587 1.000000 1.000000 1.000000
4158.996582 0.000000 3195.431641 0.000000 0.969139 0.000000 -0.246513 1.000000 1.000000 1.000000
4119.107910 0.000000 3139.235596 0.000000 0.911567 0.000000 -0.411152 1.000000 1.000000 1.000000
4143.528320 0.000000 3168.110596 0.000000 0.982765 0.000000 0.184859 1.000000 1.000000 1.000000
4145.043945 0.000000 3170.826660 0.000000 0.056566 0.000000 0.998399 1.000000 1.000000 1.000000
4151.907227 0.000000 3174.689697 0.000000 0.809563 0.000000 0.587033 1.000000 1.000000 1.000000
4144.878906 0.000000 3169.183350 0.000000 0.870966 0.000000 -0.491343 1.000000 1.000000 1.000000
4173.675781 0.000000 3187.884766 0.000000 0.349012 0.000000 -0.937118 1.000000 1.000000 1.000000
4160.561523 0.000000 3154.814941 0.000000 0.692476 0.000000 0.721441 1.000000 1.000000 1.000000
4201.394531 0.000000 3129.544678 0.000000 0.434480 0.000000 -0.900681 1.000000 1.000000 1.000000
4204.613281 0.000000 3122.040527 0.000000 0.513370 0.000000 -0.858167 1.000000 1.000000 1.000000
4196.056152 0.000000 3145.994141 0.000000 0.426029 0.000000 -0.904709 1.000000 1.000000 1.000000
4171.619141 0.000000 3166.185547 0.000000 0.237062 0.000000 0.971495 1.000000 1.000000 1.000000
4202.007812 0.000000 3127.827637 0.000000 0.559375 0.000000 0.828915 1.000000 1.000000 1.000000
4203.274902 0.000000 3134.839355 0.000000 0.431551 0.000000 -0.902088 1.000000 1.000000 1.000000
4202.909180 0.000000 3129.074219 0.000000 0.710187 0.000000 -0.704013 1.000000 1.000000 1.000000
4146.026855 0.000000 3202.094482 0.000000 0.505804 0.000000 -0.862648 1.000000 1.000000 1.000000
4144.993652 0.000000 3199.387207 0.000000 0.560589 0.000000 0.828094 1.000000 1.000000 1.000000
"}
object={
	name="rock_mehnir_generator_1_5"
	clamp_to_water_level=no
	render_under_water=no
	generated_content=yes
	layer="tree_high_layer"
	pdxmesh="rock_mehnir_06_mesh"
	count=135
	transform="4219.285645 0.000000 2877.985352 0.000000 0.937618 0.000000 0.347668 1.000000 1.000000 1.000000
4219.628418 0.000000 2872.510986 0.000000 0.421399 0.000000 0.906876 1.000000 1.000000 1.000000
4277.803711 0.000000 2785.219482 0.000000 0.964619 0.000000 -0.263649 1.000000 1.000000 1.000000
4277.079102 0.000000 2787.886963 0.000000 0.996492 0.000000 -0.083688 1.000000 1.000000 1.000000
4291.605957 0.000000 2797.755859 0.000000 0.819192 0.000000 0.573519 1.000000 1.000000 1.000000
4294.721191 0.000000 2799.311768 0.000000 0.966996 0.000000 0.254791 1.000000 1.000000 1.000000
4329.531250 0.000000 2787.726074 0.000000 0.709848 0.000000 0.704355 1.000000 1.000000 1.000000
4296.203613 0.000000 2796.329590 0.000000 0.343924 0.000000 0.938997 1.000000 1.000000 1.000000
4311.062012 0.000000 2798.619141 0.000000 0.162357 0.000000 -0.986732 1.000000 1.000000 1.000000
4332.955078 0.000000 2763.908447 0.000000 0.645809 0.000000 0.763499 1.000000 1.000000 1.000000
4324.554199 0.000000 2771.823486 0.000000 0.701842 0.000000 0.712332 1.000000 1.000000 1.000000
4309.913086 0.000000 2783.081787 0.000000 0.964538 0.000000 0.263945 1.000000 1.000000 1.000000
4331.137695 0.000000 2796.513184 0.000000 0.167132 0.000000 -0.985935 1.000000 1.000000 1.000000
4332.991211 0.000000 2776.811523 0.000000 0.162647 0.000000 -0.986684 1.000000 1.000000 1.000000
4224.095215 0.000000 2864.340088 0.000000 0.246617 0.000000 0.969113 1.000000 1.000000 1.000000
4260.514648 0.000000 2804.769287 0.000000 0.999989 0.000000 0.004764 1.000000 1.000000 1.000000
4243.809570 0.000000 2826.317139 0.000000 0.420540 0.000000 0.907274 1.000000 1.000000 1.000000
4246.025391 0.000000 2844.993408 0.000000 0.074449 0.000000 0.997225 1.000000 1.000000 1.000000
4242.234863 0.000000 2835.204346 0.000000 0.819790 0.000000 -0.572664 1.000000 1.000000 1.000000
4274.275879 0.000000 2853.547607 0.000000 0.161749 0.000000 0.986832 1.000000 1.000000 1.000000
4280.031738 0.000000 2860.621582 0.000000 0.762771 0.000000 -0.646668 1.000000 1.000000 1.000000
4239.312012 0.000000 2850.504395 0.000000 0.965849 0.000000 0.259107 1.000000 1.000000 1.000000
4280.377930 0.000000 2829.321533 0.000000 0.984085 0.000000 0.177701 1.000000 1.000000 1.000000
4258.173828 0.000000 2848.106201 0.000000 0.567345 0.000000 0.823480 1.000000 1.000000 1.000000
4241.018555 0.000000 2827.148682 0.000000 0.903263 0.000000 -0.429088 1.000000 1.000000 1.000000
4263.925293 0.000000 2824.350342 0.000000 0.964952 0.000000 0.262426 1.000000 1.000000 1.000000
4240.693359 0.000000 2848.021973 0.000000 0.339259 0.000000 -0.940693 1.000000 1.000000 1.000000
4257.327148 0.000000 2860.582031 0.000000 0.562511 0.000000 0.826790 1.000000 1.000000 1.000000
4242.059570 0.000000 2863.293213 0.000000 0.166162 0.000000 -0.986098 1.000000 1.000000 1.000000
4228.622070 0.000000 2864.436768 0.000000 0.996457 0.000000 0.084100 1.000000 1.000000 1.000000
4278.652832 0.000000 2830.980469 0.000000 0.964192 0.000000 0.265204 1.000000 1.000000 1.000000
4253.627930 0.000000 2813.217529 0.000000 0.244916 0.000000 0.969544 1.000000 1.000000 1.000000
4248.756348 0.000000 2840.423584 0.000000 0.632933 0.000000 0.774207 1.000000 1.000000 1.000000
4226.458008 0.000000 2838.477295 0.000000 0.247259 0.000000 -0.968949 1.000000 1.000000 1.000000
4250.067383 0.000000 2809.319092 0.000000 0.329808 0.000000 -0.944048 1.000000 1.000000 1.000000
4250.275879 0.000000 2841.853516 0.000000 0.963899 0.000000 0.266269 1.000000 1.000000 1.000000
4244.522949 0.000000 2830.908936 0.000000 0.329986 0.000000 0.943986 1.000000 1.000000 1.000000
4247.744629 0.000000 2845.386230 0.000000 0.860173 0.000000 -0.510002 1.000000 1.000000 1.000000
4258.113281 0.000000 2855.102539 0.000000 0.763377 0.000000 0.645953 1.000000 1.000000 1.000000
4286.859863 0.000000 2864.562744 0.000000 0.702620 0.000000 -0.711565 1.000000 1.000000 1.000000
4285.482422 0.000000 2864.928223 0.000000 0.255521 0.000000 0.966803 1.000000 1.000000 1.000000
4255.989258 0.000000 2810.522217 0.000000 0.499914 0.000000 0.866075 1.000000 1.000000 1.000000
4244.910156 0.000000 2829.768799 0.000000 0.330755 0.000000 0.943717 1.000000 1.000000 1.000000
4251.236328 0.000000 2841.223389 0.000000 0.170162 0.000000 -0.985416 1.000000 1.000000 1.000000
4298.042480 0.000000 2799.647949 0.000000 0.493402 0.000000 -0.869802 1.000000 1.000000 1.000000
4309.243164 0.000000 2800.009277 0.000000 0.174047 0.000000 0.984737 1.000000 1.000000 1.000000
4296.565918 0.000000 2809.861816 0.000000 0.165826 0.000000 -0.986155 1.000000 1.000000 1.000000
4313.045410 0.000000 2806.263672 0.000000 0.908955 0.000000 0.416894 1.000000 1.000000 1.000000
4295.050781 0.000000 2832.427979 0.000000 0.566574 0.000000 -0.824011 1.000000 1.000000 1.000000
4329.774414 0.000000 2799.482178 0.000000 0.642767 0.000000 0.766062 1.000000 1.000000 1.000000
4311.506348 0.000000 2803.921387 0.000000 0.571267 0.000000 0.820764 1.000000 1.000000 1.000000
4311.270996 0.000000 2811.555176 0.000000 0.985756 0.000000 -0.168184 1.000000 1.000000 1.000000
4185.770020 0.000000 2935.340332 0.000000 0.421744 0.000000 0.906715 1.000000 1.000000 1.000000
4195.177246 0.000000 2947.053223 0.000000 0.642153 0.000000 0.766576 1.000000 1.000000 1.000000
4221.496094 0.000000 2900.773193 0.000000 0.703944 0.000000 -0.710256 1.000000 1.000000 1.000000
4194.181641 0.000000 2928.090576 0.000000 0.497369 0.000000 -0.867539 1.000000 1.000000 1.000000
4194.400879 0.000000 2931.016846 0.000000 0.414503 0.000000 0.910048 1.000000 1.000000 1.000000
4194.434082 0.000000 2949.697998 0.000000 0.700834 0.000000 -0.713324 1.000000 1.000000 1.000000
4187.958984 0.000000 2934.518066 0.000000 0.812830 0.000000 0.582501 1.000000 1.000000 1.000000
4200.518555 0.000000 2923.641846 0.000000 0.501185 0.000000 -0.865340 1.000000 1.000000 1.000000
4221.359863 0.000000 2927.264160 0.000000 0.411678 0.000000 0.911329 1.000000 1.000000 1.000000
4216.032227 0.000000 2951.485107 0.000000 0.819768 0.000000 0.572695 1.000000 1.000000 1.000000
4219.411133 0.000000 2900.363037 0.000000 0.938737 0.000000 -0.344634 1.000000 1.000000 1.000000
4220.823242 0.000000 2898.907227 0.000000 0.636093 0.000000 0.771613 1.000000 1.000000 1.000000
4223.459961 0.000000 2942.570801 0.000000 0.242846 0.000000 -0.970065 1.000000 1.000000 1.000000
4198.862305 0.000000 2946.805664 0.000000 0.984488 0.000000 0.175453 1.000000 1.000000 1.000000
4216.581055 0.000000 2950.073242 0.000000 0.703455 0.000000 -0.710740 1.000000 1.000000 1.000000
4222.923828 0.000000 2879.999268 0.000000 0.904170 0.000000 0.427172 1.000000 1.000000 1.000000
4196.522461 0.000000 2964.738037 0.000000 0.905924 0.000000 0.423441 1.000000 1.000000 1.000000
4222.968750 0.000000 2974.129883 0.000000 0.636572 0.000000 -0.771217 1.000000 1.000000 1.000000
4176.085938 0.000000 3014.267090 0.000000 0.564197 0.000000 -0.825640 1.000000 1.000000 1.000000
4204.546875 0.000000 2973.777832 0.000000 0.638952 0.000000 0.769246 1.000000 1.000000 1.000000
4214.863281 0.000000 2978.916504 0.000000 0.984210 0.000000 0.177006 1.000000 1.000000 1.000000
4178.960449 0.000000 3016.185547 0.000000 0.248852 0.000000 -0.968541 1.000000 1.000000 1.000000
4196.724121 0.000000 3019.951172 0.000000 0.573642 0.000000 0.819106 1.000000 1.000000 1.000000
4216.658691 0.000000 2983.913330 0.000000 0.253723 0.000000 -0.967277 1.000000 1.000000 1.000000
4183.247559 0.000000 3015.486572 0.000000 0.081377 0.000000 -0.996683 1.000000 1.000000 1.000000
4195.575195 0.000000 3016.029053 0.000000 0.983968 0.000000 -0.178346 1.000000 1.000000 1.000000
4202.493652 0.000000 2971.759521 0.000000 0.984433 0.000000 -0.175761 1.000000 1.000000 1.000000
4198.184570 0.000000 2966.094238 0.000000 0.999997 0.000000 0.002530 1.000000 1.000000 1.000000
4183.143066 0.000000 2960.928223 0.000000 0.813368 0.000000 -0.581750 1.000000 1.000000 1.000000
4219.411133 0.000000 2980.347412 0.000000 0.906319 0.000000 0.422595 1.000000 1.000000 1.000000
4210.561523 0.000000 2986.139404 0.000000 0.491203 0.000000 -0.871045 1.000000 1.000000 1.000000
4203.147949 0.000000 2973.210205 0.000000 0.254292 0.000000 0.967128 1.000000 1.000000 1.000000
4200.691895 0.000000 2975.180664 0.000000 0.634106 0.000000 -0.773247 1.000000 1.000000 1.000000
4221.139160 0.000000 2985.056641 0.000000 0.814186 0.000000 -0.580604 1.000000 1.000000 1.000000
4179.313477 0.000000 3014.587891 0.000000 0.245523 0.000000 0.969391 1.000000 1.000000 1.000000
4220.284180 0.000000 2981.327881 0.000000 0.076362 0.000000 0.997080 1.000000 1.000000 1.000000
4196.222656 0.000000 3025.027344 0.000000 0.865098 0.000000 -0.501603 1.000000 1.000000 1.000000
4223.549316 0.000000 2923.008545 0.000000 0.940814 0.000000 0.338924 1.000000 1.000000 1.000000
4239.180664 0.000000 2922.277832 0.000000 0.868996 0.000000 0.494818 1.000000 1.000000 1.000000
4248.818848 0.000000 2891.327881 0.000000 0.818146 0.000000 -0.575010 1.000000 1.000000 1.000000
4232.987305 0.000000 2943.536865 0.000000 0.861503 0.000000 -0.507753 1.000000 1.000000 1.000000
4238.329102 0.000000 2932.683838 0.000000 0.709850 0.000000 -0.704353 1.000000 1.000000 1.000000
4250.067383 0.000000 2889.303467 0.000000 0.700418 0.000000 -0.713733 1.000000 1.000000 1.000000
4241.326172 0.000000 2931.622070 0.000000 0.967022 0.000000 0.254691 1.000000 1.000000 1.000000
4228.750000 0.000000 2918.481934 0.000000 0.256462 0.000000 0.966554 1.000000 1.000000 1.000000
4255.694824 0.000000 2882.760986 0.000000 0.937839 0.000000 -0.347072 1.000000 1.000000 1.000000
4247.135254 0.000000 2880.943848 0.000000 0.565045 0.000000 -0.825060 1.000000 1.000000 1.000000
4240.375000 0.000000 2904.933350 0.000000 0.081697 0.000000 0.996657 1.000000 1.000000 1.000000
4233.140625 0.000000 2934.894287 0.000000 0.565179 0.000000 0.824968 1.000000 1.000000 1.000000
4231.987305 0.000000 2881.989746 0.000000 0.081704 0.000000 -0.996657 1.000000 1.000000 1.000000
4235.711914 0.000000 2935.770508 0.000000 0.070640 0.000000 0.997502 1.000000 1.000000 1.000000
4240.087402 0.000000 2917.643555 0.000000 0.078705 0.000000 0.996898 1.000000 1.000000 1.000000
4235.804688 0.000000 2933.586670 0.000000 0.995797 0.000000 -0.091593 1.000000 1.000000 1.000000
4234.752441 0.000000 2935.061523 0.000000 0.162733 0.000000 -0.986670 1.000000 1.000000 1.000000
4204.858398 0.000000 3117.641113 0.000000 0.698085 0.000000 -0.716015 1.000000 1.000000 1.000000
4206.085449 0.000000 3109.131592 0.000000 0.967257 0.000000 0.253798 1.000000 1.000000 1.000000
4182.278320 0.000000 3111.074463 0.000000 0.422802 0.000000 -0.906222 1.000000 1.000000 1.000000
4206.764160 0.000000 3113.045410 0.000000 0.253288 0.000000 0.967391 1.000000 1.000000 1.000000
4207.895508 0.000000 3113.534180 0.000000 1.000000 0.000000 -0.000907 1.000000 1.000000 1.000000
4155.886230 0.000000 3170.370850 0.000000 0.983744 0.000000 -0.179577 1.000000 1.000000 1.000000
4108.976074 0.000000 3153.650146 0.000000 0.941601 0.000000 0.336731 1.000000 1.000000 1.000000
4114.430176 0.000000 3160.838379 0.000000 0.572091 0.000000 -0.820190 1.000000 1.000000 1.000000
4151.674805 0.000000 3166.593750 0.000000 0.568897 0.000000 -0.822409 1.000000 1.000000 1.000000
4152.731934 0.000000 3176.781006 0.000000 0.567403 0.000000 0.823440 1.000000 1.000000 1.000000
4134.002930 0.000000 3177.354736 0.000000 0.079578 0.000000 -0.996829 1.000000 1.000000 1.000000
4159.403320 0.000000 3166.766357 0.000000 0.699356 0.000000 -0.714773 1.000000 1.000000 1.000000
4159.422363 0.000000 3147.523193 0.000000 0.707358 0.000000 -0.706855 1.000000 1.000000 1.000000
4146.913086 0.000000 3197.039062 0.000000 0.074259 0.000000 -0.997239 1.000000 1.000000 1.000000
4124.390137 0.000000 3150.677734 0.000000 0.417474 0.000000 -0.908689 1.000000 1.000000 1.000000
4153.322754 0.000000 3168.092773 0.000000 0.079590 0.000000 -0.996828 1.000000 1.000000 1.000000
4124.871094 0.000000 3179.086670 0.000000 0.338468 0.000000 0.940978 1.000000 1.000000 1.000000
4146.683105 0.000000 3166.838867 0.000000 0.907266 0.000000 -0.420558 1.000000 1.000000 1.000000
4128.248535 0.000000 3179.820312 0.000000 0.907711 0.000000 -0.419596 1.000000 1.000000 1.000000
4203.055664 0.000000 3126.298096 0.000000 0.996132 0.000000 0.087865 1.000000 1.000000 1.000000
4187.618652 0.000000 3131.704346 0.000000 0.418232 0.000000 0.908340 1.000000 1.000000 1.000000
4172.408691 0.000000 3167.847900 0.000000 0.166579 0.000000 -0.986028 1.000000 1.000000 1.000000
4205.550293 0.000000 3123.933350 0.000000 0.906746 0.000000 0.421678 1.000000 1.000000 1.000000
4165.034180 0.000000 3174.412109 0.000000 0.165864 0.000000 -0.986149 1.000000 1.000000 1.000000
4199.933105 0.000000 3144.287842 0.000000 0.413763 0.000000 -0.910385 1.000000 1.000000 1.000000
4173.821777 0.000000 3190.551270 0.000000 0.985499 0.000000 -0.169680 1.000000 1.000000 1.000000
4170.964355 0.000000 3169.568359 0.000000 0.940071 0.000000 -0.340980 1.000000 1.000000 1.000000
4201.204590 0.000000 3131.099609 0.000000 0.257357 0.000000 0.966316 1.000000 1.000000 1.000000
4201.415527 0.000000 3132.690674 0.000000 0.700642 0.000000 0.713513 1.000000 1.000000 1.000000
"}
