object={
	name="steppe_bush_01_generator_0"
	clamp_to_water_level=no
	render_under_water=no
	generated_content=yes
	layer="grass_layer"
	pdxmesh="steppe_bush_01_mesh"
	count=872
	transform="1853.298462 0.000000 2524.308105 0.000000 0.417383 0.000000 -0.908731 0.686455 0.686455 0.686455
1853.081665 0.000000 2517.996094 0.000000 0.854377 0.000000 0.519654 0.410643 0.410643 0.410643
1854.075195 0.000000 2513.750000 0.000000 0.747222 0.000000 -0.664574 0.618869 0.618869 0.618869
1851.270630 0.000000 2521.407959 0.000000 0.808459 0.000000 0.588552 0.397100 0.397100 0.397100
1861.925415 0.000000 2507.294678 0.000000 0.739937 0.000000 0.672676 0.377046 0.377046 0.377046
1913.647949 0.000000 2491.348877 0.000000 0.286352 0.000000 -0.958125 0.709373 0.709373 0.709373
1902.285278 0.000000 2535.404541 0.000000 0.527644 0.000000 -0.849466 0.664705 0.664705 0.664705
1855.977051 0.000000 2511.468506 0.000000 0.952742 0.000000 -0.303779 0.550473 0.550473 0.550473
1881.939453 0.000000 2530.236572 0.000000 0.092333 0.000000 0.995728 0.262871 0.262871 0.262871
1919.250122 0.000000 2494.223633 0.000000 0.670456 0.000000 -0.741950 0.635658 0.635658 0.635658
1861.350708 0.000000 2512.918457 0.000000 0.263522 0.000000 -0.964653 0.714070 0.714070 0.714070
1890.603271 0.000000 2538.147217 0.000000 0.839663 0.000000 -0.543108 0.593526 0.593526 0.593526
1902.773560 0.000000 2530.861328 0.000000 0.930030 0.000000 -0.367482 0.561534 0.561534 0.561534
1878.409912 0.000000 2528.812256 0.000000 0.297330 0.000000 0.954775 0.292504 0.292504 0.292504
1862.808105 0.000000 2510.165527 0.000000 0.790589 0.000000 0.612347 0.389354 0.389354 0.389354
1860.169312 0.000000 2510.500977 0.000000 0.789615 0.000000 0.613602 0.389088 0.389088 0.389088
1938.695801 0.000000 2440.979004 0.000000 0.336286 0.000000 -0.941760 0.700779 0.700779 0.700779
1949.605225 0.000000 2474.447998 0.000000 0.257004 0.000000 -0.966410 0.710269 0.710269 0.710269
1954.479858 0.000000 2463.202881 0.000000 0.518195 0.000000 0.855262 0.333496 0.333496 0.333496
1951.921143 0.000000 2450.035156 0.000000 0.559408 0.000000 0.828892 0.340827 0.340827 0.340827
1952.001343 0.000000 2469.354004 0.000000 0.989015 0.000000 0.147813 0.476018 0.476018 0.476018
1955.450562 0.000000 2467.146973 0.000000 0.051119 0.000000 -0.998693 0.748500 0.748500 0.748500
1951.172729 0.000000 2477.750000 0.000000 0.578770 0.000000 -0.815491 0.655933 0.655933 0.655933
1948.442749 0.000000 2479.596924 0.000000 0.993551 0.000000 -0.113385 0.518439 0.518439 0.518439
1926.390869 0.000000 2493.019287 0.000000 0.723647 0.000000 0.690171 0.377341 0.377341 0.377341
1920.134399 0.000000 2500.380615 0.000000 0.160207 0.000000 0.987083 0.270328 0.270328 0.270328
1920.071167 0.000000 2488.500000 0.000000 0.779147 0.000000 0.626841 0.389637 0.389637 0.389637
1933.559082 0.000000 2490.603516 0.000000 0.525580 0.000000 0.850744 0.334901 0.334901 0.334901
1950.833130 0.000000 2487.195557 0.000000 0.954645 0.000000 0.297745 0.451317 0.451317 0.451317
1926.023438 0.000000 2501.820068 0.000000 0.823605 0.000000 -0.567164 0.598614 0.598614 0.598614
1921.791504 0.000000 2495.493164 0.000000 0.772588 0.000000 -0.634908 0.612057 0.612057 0.612057
1930.482544 0.000000 2493.543701 0.000000 0.131248 0.000000 0.991350 0.258374 0.258374 0.258374
1924.028931 0.000000 2489.499512 0.000000 0.106502 0.000000 0.994313 0.261500 0.261500 0.261500
1949.910400 0.000000 2483.339111 0.000000 0.791284 0.000000 -0.611449 0.607581 0.607581 0.607581
1947.356323 0.000000 2486.492432 0.000000 0.731707 0.000000 -0.681620 0.622639 0.622639 0.622639
1921.254639 0.000000 2492.085693 0.000000 0.632425 0.000000 -0.774622 0.644901 0.644901 0.644901
2405.393066 0.000000 2550.637207 0.000000 0.954227 0.000000 -0.299085 0.554407 0.554407 0.554407
2402.425293 0.000000 2543.187256 0.000000 0.664657 0.000000 0.747148 0.360972 0.360972 0.360972
2395.392578 0.000000 2540.412598 0.000000 0.985110 0.000000 -0.171924 0.531058 0.531058 0.531058
2386.557373 0.000000 2539.872070 0.000000 0.998261 0.000000 0.058949 0.489398 0.489398 0.489398
2422.061279 0.000000 2557.924316 0.000000 0.139187 0.000000 0.990266 0.242748 0.242748 0.242748
2427.504395 0.000000 2558.047852 0.000000 0.436188 0.000000 0.899856 0.305067 0.305067 0.305067
2391.566406 0.000000 2541.686768 0.000000 0.367925 0.000000 -0.929855 0.694505 0.694505 0.694505
2398.562012 0.000000 2542.833008 0.000000 0.863863 0.000000 -0.503727 0.594892 0.594892 0.594892
2431.586426 0.000000 2559.415039 0.000000 0.930673 0.000000 -0.365853 0.563352 0.563352 0.563352
2408.685303 0.000000 2551.773193 0.000000 0.866338 0.000000 0.499459 0.410564 0.410564 0.410564
2387.179199 0.000000 2536.279297 0.000000 0.794211 0.000000 0.607642 0.385867 0.385867 0.385867
2407.656738 0.000000 2548.711670 0.000000 0.920795 0.000000 0.390047 0.430978 0.430978 0.430978
2424.724121 0.000000 2559.474854 0.000000 0.978463 0.000000 -0.206422 0.535167 0.535167 0.535167
2394.128418 0.000000 2543.178711 0.000000 0.092475 0.000000 -0.995715 0.762939 0.762939 0.762939
2424.327881 0.000000 2556.201660 0.000000 0.633197 0.000000 -0.773991 0.659102 0.659102 0.659102
2393.223877 0.000000 2538.383301 0.000000 0.925095 0.000000 -0.379734 0.566368 0.566368 0.566368
2404.563477 0.000000 2553.331787 0.000000 0.074567 0.000000 -0.997216 0.748393 0.748393 0.748393
2401.545166 0.000000 2545.538574 0.000000 0.977338 0.000000 0.211686 0.461659 0.461659 0.461659
2429.799561 0.000000 2557.535156 0.000000 0.056376 0.000000 0.998410 0.227786 0.227786 0.227786
2389.178711 0.000000 2539.767090 0.000000 0.479852 0.000000 0.877349 0.312286 0.312286 0.312286
2396.430664 0.000000 2543.512451 0.000000 0.848181 0.000000 0.529706 0.399653 0.399653 0.399653
2426.434326 0.000000 2556.111084 0.000000 0.087092 0.000000 -0.996200 0.766678 0.766678 0.766678
2400.427002 0.000000 2543.611816 0.000000 0.354440 0.000000 0.935079 0.282774 0.282774 0.282774
2393.156738 0.000000 2540.421143 0.000000 0.809783 0.000000 0.586729 0.387293 0.387293 0.387293
2388.001953 0.000000 2538.131836 0.000000 0.195713 0.000000 0.980661 0.259057 0.259057 0.259057
2423.775879 0.000000 2554.229492 0.000000 0.040287 0.000000 -0.999188 0.769378 0.769378 0.769378
2397.725586 0.000000 2541.071289 0.000000 0.373641 0.000000 -0.927573 0.713520 0.713520 0.713520
2399.791992 0.000000 2541.416016 0.000000 0.900022 0.000000 -0.435844 0.578812 0.578812 0.578812
2425.645508 0.000000 2557.852295 0.000000 0.999000 0.000000 0.044719 0.491959 0.491959 0.491959
2407.281738 0.000000 2550.523438 0.000000 0.999618 0.000000 -0.027641 0.504969 0.504969 0.504969
2423.897217 0.000000 2557.959229 0.000000 0.798828 0.000000 -0.601560 0.616021 0.616021 0.616021
2395.448486 0.000000 2542.115234 0.000000 0.890561 0.000000 -0.454864 0.583998 0.583998 0.583998
2386.341064 0.000000 2538.039795 0.000000 0.474575 0.000000 0.880215 0.306531 0.306531 0.306531
2452.298340 0.000000 2549.054199 0.000000 0.979369 0.000000 0.202079 0.463424 0.463424 0.463424
2455.667725 0.000000 2546.873779 0.000000 0.792772 0.000000 -0.609519 0.609637 0.609637 0.609637
2454.489014 0.000000 2551.183838 0.000000 0.716836 0.000000 -0.697242 0.629055 0.629055 0.629055
2453.324219 0.000000 2547.012451 0.000000 0.400016 0.000000 -0.916508 0.696079 0.696079 0.696079
2455.135742 0.000000 2549.054932 0.000000 0.047884 0.000000 -0.998853 0.767089 0.767089 0.767089
2453.734863 0.000000 2549.748047 0.000000 0.700489 0.000000 -0.713663 0.642851 0.642851 0.642851
2686.605957 0.000000 2424.454346 0.000000 0.214717 0.000000 -0.976676 0.743454 0.743454 0.743454
2679.614990 0.000000 2441.209229 0.000000 0.766731 0.000000 -0.641969 0.619207 0.619207 0.619207
2653.519287 0.000000 2474.447998 0.000000 0.996811 0.000000 -0.079796 0.514359 0.514359 0.514359
2687.176270 0.000000 2475.572266 0.000000 0.879261 0.000000 0.476340 0.418812 0.418812 0.418812
2683.020508 0.000000 2418.290283 0.000000 0.484616 0.000000 -0.874727 0.690083 0.690083 0.690083
2684.979980 0.000000 2438.011719 0.000000 0.020334 0.000000 0.999793 0.245495 0.245495 0.245495
2681.689941 0.000000 2473.736816 0.000000 0.437481 0.000000 0.899227 0.307411 0.307411 0.307411
2678.882324 0.000000 2452.914307 0.000000 0.787701 0.000000 0.616057 0.382765 0.382765 0.382765
2655.915527 0.000000 2469.354004 0.000000 0.961106 0.000000 -0.276181 0.545233 0.545233 0.545233
2679.854492 0.000000 2446.734375 0.000000 0.837667 0.000000 0.546181 0.396140 0.396140 0.396140
2682.058350 0.000000 2426.530762 0.000000 0.999933 0.000000 0.011557 0.497922 0.497922 0.497922
2680.911377 0.000000 2456.921631 0.000000 0.945406 0.000000 0.325895 0.440330 0.440330 0.440330
2685.020264 0.000000 2429.879150 0.000000 0.455781 0.000000 0.890092 0.280794 0.280794 0.280794
2678.030029 0.000000 2477.939941 0.000000 0.939595 0.000000 0.342290 0.437203 0.437203 0.437203
2683.473145 0.000000 2478.063477 0.000000 0.834852 0.000000 -0.550475 0.598234 0.598234 0.598234
2682.658203 0.000000 2422.405518 0.000000 0.016031 0.000000 0.999871 0.225381 0.225381 0.225381
2685.973633 0.000000 2433.765625 0.000000 0.992491 0.000000 0.122318 0.479336 0.479336 0.479336
2687.555176 0.000000 2479.430664 0.000000 0.956379 0.000000 0.292129 0.446712 0.446712 0.446712
2655.086670 0.000000 2477.750000 0.000000 0.252189 0.000000 0.967678 0.281541 0.281541 0.281541
2683.169189 0.000000 2441.423584 0.000000 0.336094 0.000000 -0.941828 0.709243 0.709243 0.709243
2652.684570 0.000000 2470.913330 0.000000 0.314678 0.000000 -0.949198 0.718567 0.718567 0.718567
2685.683838 0.000000 2420.866943 0.000000 0.051220 0.000000 0.998687 0.226858 0.226858 0.226858
2677.986328 0.000000 2449.625244 0.000000 0.699066 0.000000 0.715058 0.367233 0.367233 0.367233
2678.485107 0.000000 2472.709717 0.000000 0.983208 0.000000 0.182487 0.468044 0.468044 0.468044
2687.601807 0.000000 2427.663818 0.000000 0.877837 0.000000 0.478959 0.415208 0.415208 0.415208
2676.700439 0.000000 2446.053467 0.000000 0.263054 0.000000 -0.964781 0.716592 0.716592 0.716592
2683.074219 0.000000 2435.408691 0.000000 0.077496 0.000000 0.996993 0.248367 0.248367 0.248367
2681.195557 0.000000 2443.915527 0.000000 0.368635 0.000000 -0.929574 0.714490 0.714490 0.714490
2680.939453 0.000000 2450.476074 0.000000 0.996211 0.000000 -0.086968 0.515218 0.515218 0.515218
2681.947021 0.000000 2438.672607 0.000000 0.569165 0.000000 0.822223 0.328292 0.328292 0.328292
2652.046631 0.000000 2477.783691 0.000000 0.970862 0.000000 -0.239638 0.540629 0.540629 0.540629
2680.692871 0.000000 2479.490479 0.000000 0.998525 0.000000 0.054302 0.490166 0.490166 0.490166
2680.296631 0.000000 2476.217285 0.000000 0.166702 0.000000 0.986007 0.247752 0.247752 0.247752
2684.865234 0.000000 2427.041016 0.000000 0.895456 0.000000 0.445151 0.413906 0.413906 0.413906
2680.017578 0.000000 2421.614258 0.000000 0.995063 0.000000 -0.099249 0.517870 0.517870 0.517870
2654.971924 0.000000 2472.175293 0.000000 0.962883 0.000000 -0.269920 0.549128 0.549128 0.549128
2683.882324 0.000000 2424.684326 0.000000 0.136653 0.000000 -0.990619 0.746079 0.746079 0.746079
2684.030029 0.000000 2432.098877 0.000000 0.182846 0.000000 0.983142 0.266281 0.266281 0.266281
2679.098633 0.000000 2458.644775 0.000000 0.023237 0.000000 -0.999730 0.765619 0.765619 0.765619
2680.086670 0.000000 2454.830322 0.000000 0.755785 0.000000 -0.654820 0.626550 0.626550 0.626550
2683.004883 0.000000 2428.570557 0.000000 0.543150 0.000000 -0.839636 0.688473 0.688473 0.688473
2681.790283 0.000000 2459.087646 0.000000 0.040802 0.000000 0.999167 0.224983 0.224983 0.224983
2681.558105 0.000000 2420.050293 0.000000 0.876134 0.000000 0.482068 0.409583 0.409583 0.409583
2681.502197 0.000000 2448.233398 0.000000 0.785205 0.000000 -0.619235 0.615031 0.615031 0.615031
2686.585693 0.000000 2431.400391 0.000000 0.438314 0.000000 -0.898822 0.691035 0.691035 0.691035
2684.764160 0.000000 2422.759766 0.000000 0.637624 0.000000 0.770348 0.344673 0.344673 0.344673
2683.598633 0.000000 2420.456787 0.000000 0.914259 0.000000 -0.405131 0.574978 0.574978 0.574978
2682.537109 0.000000 2430.655762 0.000000 0.979018 0.000000 0.203773 0.461448 0.461448 0.461448
2679.744629 0.000000 2474.245117 0.000000 0.942329 0.000000 -0.334689 0.561345 0.561345 0.561345
2679.158691 0.000000 2444.794678 0.000000 0.811193 0.000000 0.584779 0.389285 0.389285 0.389285
2685.010986 0.000000 2419.000977 0.000000 0.733068 0.000000 -0.680156 0.634450 0.634450 0.634450
2681.667725 0.000000 2446.108887 0.000000 0.697778 0.000000 0.716314 0.361950 0.361950 0.361950
2680.800537 0.000000 2452.464600 0.000000 0.283831 0.000000 -0.958874 0.724217 0.724217 0.724217
2679.688232 0.000000 2448.771973 0.000000 0.650968 0.000000 0.759105 0.345066 0.345066 0.345066
2681.614258 0.000000 2477.867920 0.000000 0.963664 0.000000 -0.267118 0.548605 0.548605 0.548605
2678.925049 0.000000 2456.727295 0.000000 0.017915 0.000000 0.999839 0.222806 0.222806 0.222806
2681.492188 0.000000 2440.561279 0.000000 0.527444 0.000000 -0.849589 0.682485 0.682485 0.682485
2679.131348 0.000000 2451.048828 0.000000 0.990471 0.000000 -0.137724 0.524835 0.524835 0.524835
2654.297607 0.000000 2470.128174 0.000000 0.650649 0.000000 -0.759379 0.655010 0.655010 0.655010
2678.181396 0.000000 2447.448730 0.000000 0.992123 0.000000 -0.125269 0.522577 0.522577 0.522577
2652.797119 0.000000 2472.714844 0.000000 0.730118 0.000000 0.683321 0.365712 0.365712 0.365712
2683.368164 0.000000 2437.224609 0.000000 0.999591 0.000000 0.028589 0.494860 0.494860 0.494860
2679.594482 0.000000 2443.130615 0.000000 0.344640 0.000000 0.938735 0.281654 0.281654 0.281654
2679.865967 0.000000 2477.974854 0.000000 0.461654 0.000000 0.887060 0.303902 0.303902 0.303902
2655.220215 0.000000 2475.970703 0.000000 0.351288 0.000000 -0.936267 0.713294 0.713294 0.713294
2681.557129 0.000000 2442.262695 0.000000 0.996857 0.000000 -0.079216 0.514254 0.514254 0.514254
2686.566406 0.000000 2422.373535 0.000000 0.873436 0.000000 0.486940 0.408899 0.408899 0.408899
2680.340820 0.000000 2438.183838 0.000000 0.192720 0.000000 0.981254 0.255085 0.255085 0.255085
2683.606201 0.000000 2439.016846 0.000000 0.788420 0.000000 0.615138 0.380904 0.380904 0.380904
2686.675781 0.000000 2419.212891 0.000000 0.716145 0.000000 0.697952 0.361136 0.361136 0.361136
2678.444092 0.000000 2454.581299 0.000000 0.879899 0.000000 -0.475161 0.589003 0.589003 0.589003
2678.990723 0.000000 2479.367188 0.000000 0.171977 0.000000 -0.985101 0.751285 0.751285 0.751285
2684.606934 0.000000 2428.464844 0.000000 0.556919 0.000000 0.830567 0.304246 0.304246 0.304246
2683.891357 0.000000 2430.638428 0.000000 0.642784 0.000000 -0.766047 0.663944 0.663944 0.663944
2685.368408 0.000000 2431.094727 0.000000 0.203744 0.000000 0.979024 0.229811 0.229811 0.229811
2661.544434 0.000000 2516.214111 0.000000 0.706576 0.000000 -0.707638 0.633951 0.633951 0.633951
2656.243896 0.000000 2493.740967 0.000000 0.929423 0.000000 -0.369016 0.567937 0.567937 0.567937
2682.945312 0.000000 2481.447266 0.000000 0.786702 0.000000 -0.617333 0.619597 0.619597 0.619597
2648.239990 0.000000 2488.280518 0.000000 0.047325 0.000000 -0.998879 0.764334 0.764334 0.764334
2664.290527 0.000000 2492.183105 0.000000 0.250136 0.000000 0.968211 0.265560 0.265560 0.265560
2654.747070 0.000000 2487.195557 0.000000 0.530636 0.000000 -0.847600 0.669814 0.669814 0.669814
2678.882324 0.000000 2532.898682 0.000000 0.269415 0.000000 -0.963024 0.733319 0.733319 0.733319
2677.382324 0.000000 2479.571045 0.000000 0.953983 0.000000 0.299860 0.450770 0.450770 0.450770
2679.854492 0.000000 2526.718750 0.000000 0.837027 0.000000 -0.547161 0.600096 0.600096 0.600096
2665.115479 0.000000 2496.749512 0.000000 0.497159 0.000000 0.867659 0.326255 0.326255 0.326255
2660.552246 0.000000 2495.192627 0.000000 0.992132 0.000000 -0.125195 0.522563 0.522563 0.522563
2685.020264 0.000000 2509.863525 0.000000 0.999598 0.000000 -0.028342 0.504600 0.504600 0.504600
2685.973633 0.000000 2513.750000 0.000000 0.459684 0.000000 -0.888083 0.695132 0.695132 0.695132
2679.484619 0.000000 2482.643555 0.000000 0.829387 0.000000 -0.558675 0.596935 0.596935 0.596935
2651.270264 0.000000 2486.492432 0.000000 0.554953 0.000000 -0.831882 0.676604 0.676604 0.676604
2658.329834 0.000000 2497.887695 0.000000 0.889103 0.000000 -0.457707 0.583379 0.583379 0.583379
2654.925049 0.000000 2490.553955 0.000000 0.468310 0.000000 0.883564 0.286320 0.286320 0.286320
2683.436523 0.000000 2527.175781 0.000000 0.744193 0.000000 -0.667964 0.623722 0.623722 0.623722
2687.601807 0.000000 2507.648193 0.000000 0.944321 0.000000 -0.329026 0.555871 0.555871 0.555871
2683.074219 0.000000 2515.393066 0.000000 0.524579 0.000000 -0.851362 0.683091 0.683091 0.683091
2664.183105 0.000000 2514.463867 0.000000 0.630885 0.000000 -0.775876 0.651323 0.651323 0.651323
2680.939453 0.000000 2530.460449 0.000000 0.998965 0.000000 0.045489 0.492161 0.492161 0.492161
2660.311035 0.000000 2513.423096 0.000000 0.967616 0.000000 0.252427 0.455722 0.455722 0.455722
2686.048828 0.000000 2480.399902 0.000000 0.984580 0.000000 0.174936 0.469929 0.469929 0.469929
2663.352539 0.000000 2518.513672 0.000000 0.997526 0.000000 0.070293 0.488232 0.488232 0.488232
2658.925781 0.000000 2492.919922 0.000000 0.660206 0.000000 0.751085 0.355750 0.355750 0.355750
2652.625000 0.000000 2489.031738 0.000000 0.930245 0.000000 0.366939 0.432464 0.432464 0.432464
2663.248535 0.000000 2494.741943 0.000000 0.888033 0.000000 -0.459780 0.585876 0.585876 0.585876
2662.363281 0.000000 2497.105469 0.000000 0.876155 0.000000 -0.482030 0.586643 0.586643 0.586643
2684.030029 0.000000 2512.083252 0.000000 0.472416 0.000000 0.881375 0.307437 0.307437 0.307437
2680.679443 0.000000 2480.254883 0.000000 0.974048 0.000000 0.226343 0.457106 0.457106 0.457106
2684.667969 0.000000 2483.586670 0.000000 0.423491 0.000000 -0.905900 0.692429 0.692429 0.692429
2657.907471 0.000000 2495.506836 0.000000 0.274338 0.000000 0.961633 0.267600 0.267600 0.267600
2657.163818 0.000000 2491.395020 0.000000 0.986250 0.000000 -0.165258 0.531086 0.531086 0.531086
2650.262695 0.000000 2489.381592 0.000000 0.950190 0.000000 0.311672 0.443027 0.443027 0.443027
2680.086670 0.000000 2534.814697 0.000000 0.254884 0.000000 0.966972 0.277087 0.277087 0.277087
2681.502197 0.000000 2528.217773 0.000000 0.809350 0.000000 -0.587326 0.612839 0.612839 0.612839
2686.585693 0.000000 2511.384766 0.000000 0.019806 0.000000 0.999804 0.221207 0.221207 0.221207
2664.365723 0.000000 2516.580811 0.000000 0.275834 0.000000 -0.961205 0.732120 0.732120 0.732120
2662.427979 0.000000 2513.117676 0.000000 0.100286 0.000000 0.994959 0.248552 0.248552 0.248552
2660.348389 0.000000 2497.473633 0.000000 0.853629 0.000000 -0.520881 0.597457 0.597457 0.597457
2649.248291 0.000000 2486.326172 0.000000 0.163673 0.000000 0.986515 0.255978 0.255978 0.255978
2681.667725 0.000000 2526.093262 0.000000 0.946950 0.000000 -0.321381 0.558812 0.558812 0.558812
2681.400146 0.000000 2482.668213 0.000000 0.124441 0.000000 0.992227 0.240074 0.240074 0.240074
2680.800537 0.000000 2532.448975 0.000000 0.007155 0.000000 0.999974 0.219909 0.219909 0.219909
2679.688232 0.000000 2528.756348 0.000000 0.999931 0.000000 -0.011753 0.502076 0.502076 0.502076
2678.741455 0.000000 2480.924805 0.000000 0.750498 0.000000 -0.660873 0.627074 0.627074 0.627074
2684.983154 0.000000 2481.833252 0.000000 0.932544 0.000000 0.361056 0.433600 0.433600 0.433600
2684.817627 0.000000 2515.723633 0.000000 0.195702 0.000000 0.980663 0.253053 0.253053 0.253053
2683.018311 0.000000 2513.597412 0.000000 0.583905 0.000000 0.811822 0.330319 0.330319 0.330319
2655.550293 0.000000 2492.160156 0.000000 0.657559 0.000000 -0.753403 0.652303 0.652303 0.652303
2654.285889 0.000000 2488.930908 0.000000 0.280122 0.000000 0.959964 0.268682 0.268682 0.268682
2650.140869 0.000000 2487.715576 0.000000 0.652940 0.000000 -0.757409 0.654467 0.654467 0.654467
2662.480225 0.000000 2514.858887 0.000000 0.253383 0.000000 -0.967366 0.736305 0.736305 0.736305
2683.111816 0.000000 2482.994141 0.000000 0.998431 0.000000 -0.055988 0.510069 0.510069 0.510069
2680.449219 0.000000 2481.618408 0.000000 0.668285 0.000000 0.743905 0.342401 0.342401 0.342401
2740.785645 0.000000 2459.032227 0.000000 0.690329 0.000000 0.723496 0.350569 0.350569 0.350569
2715.551270 0.000000 2465.857422 0.000000 0.999684 0.000000 0.025133 0.495717 0.495717 0.495717
2717.511475 0.000000 2474.447998 0.000000 0.795400 0.000000 -0.606085 0.615416 0.615416 0.615416
2731.924561 0.000000 2474.725830 0.000000 0.824145 0.000000 -0.566378 0.606726 0.606726 0.606726
2687.875488 0.000000 2431.484131 0.000000 0.743413 0.000000 0.668833 0.374709 0.374709 0.374709
2742.874512 0.000000 2452.914307 0.000000 0.916855 0.000000 -0.399220 0.573305 0.573305 0.573305
2719.907715 0.000000 2469.354004 0.000000 0.075187 0.000000 -0.997169 0.746423 0.746423 0.746423
2735.530029 0.000000 2460.709229 0.000000 0.610465 0.000000 0.792043 0.325410 0.325410 0.325410
2691.801270 0.000000 2477.818359 0.000000 0.102364 0.000000 0.994747 0.250742 0.250742 0.250742
2702.125977 0.000000 2415.199707 0.000000 0.766196 0.000000 -0.642608 0.619785 0.619785 0.619785
2727.145508 0.000000 2475.090088 0.000000 0.993153 0.000000 -0.116824 0.518928 0.518928 0.518928
2738.463379 0.000000 2453.625732 0.000000 0.728437 0.000000 -0.685113 0.623892 0.623892 0.623892
2744.903564 0.000000 2456.921631 0.000000 0.431808 0.000000 0.901965 0.291590 0.291590 0.291590
2693.631348 0.000000 2417.458984 0.000000 0.034126 0.000000 0.999418 0.223782 0.223782 0.223782
2731.926758 0.000000 2463.142822 0.000000 0.385665 0.000000 -0.922639 0.711184 0.711184 0.711184
2698.388916 0.000000 2413.559326 0.000000 0.293815 0.000000 0.955862 0.291903 0.291903 0.291903
2738.301025 0.000000 2463.699951 0.000000 0.067201 0.000000 0.997739 0.251319 0.251319 0.251319
2718.522949 0.000000 2462.848633 0.000000 0.940210 0.000000 -0.340595 0.557700 0.557700 0.557700
2744.219238 0.000000 2460.699707 0.000000 0.494590 0.000000 -0.869127 0.672919 0.672919 0.672919
2732.061279 0.000000 2458.481445 0.000000 0.995853 0.000000 0.090972 0.484421 0.484421 0.484421
2729.788818 0.000000 2477.905029 0.000000 0.949949 0.000000 0.312406 0.442888 0.442888 0.442888
2719.078857 0.000000 2477.750000 0.000000 0.548493 0.000000 0.836155 0.335601 0.335601 0.335601
2716.676758 0.000000 2470.913330 0.000000 0.463106 0.000000 0.886303 0.304197 0.304197 0.304197
2688.426270 0.000000 2477.570312 0.000000 0.667663 0.000000 -0.744464 0.650943 0.650943 0.650943
2719.204590 0.000000 2466.082520 0.000000 0.259884 0.000000 -0.965640 0.717954 0.717954 0.717954
2741.247803 0.000000 2455.731689 0.000000 0.135506 0.000000 -0.990776 0.761503 0.761503 0.761503
2731.709229 0.000000 2466.630859 0.000000 0.888933 0.000000 -0.458036 0.579584 0.579584 0.579584
2691.254395 0.000000 2419.924316 0.000000 0.572358 0.000000 -0.820004 0.660215 0.660215 0.660215
2716.038818 0.000000 2477.783691 0.000000 0.992818 0.000000 0.119638 0.480165 0.480165 0.480165
2735.089111 0.000000 2463.543457 0.000000 0.101933 0.000000 -0.994791 0.763999 0.763999 0.763999
2717.308838 0.000000 2468.135498 0.000000 0.870266 0.000000 0.492582 0.407418 0.407418 0.407418
2738.386719 0.000000 2460.852539 0.000000 0.961898 0.000000 0.273408 0.450221 0.450221 0.450221
2701.330811 0.000000 2417.784180 0.000000 0.357813 0.000000 0.933793 0.287935 0.287935 0.287935
2734.655029 0.000000 2458.006592 0.000000 0.856448 0.000000 -0.516233 0.595474 0.595474 0.595474
2714.705078 0.000000 2468.346680 0.000000 0.592900 0.000000 0.805276 0.336986 0.336986 0.336986
2699.319336 0.000000 2415.965820 0.000000 0.030290 0.000000 -0.999541 0.762485 0.762485 0.762485
2718.964111 0.000000 2472.175293 0.000000 0.028856 0.000000 -0.999584 0.777165 0.777165 0.777165
2695.891602 0.000000 2418.800537 0.000000 0.518536 0.000000 0.855056 0.322678 0.322678 0.322678
2700.998047 0.000000 2413.019287 0.000000 0.981861 0.000000 -0.189604 0.532503 0.532503 0.532503
2729.548340 0.000000 2474.011475 0.000000 0.541324 0.000000 0.840814 0.320467 0.320467 0.320467
2743.090820 0.000000 2458.644775 0.000000 0.983291 0.000000 0.182043 0.463666 0.463666 0.463666
2716.391602 0.000000 2463.528076 0.000000 0.822944 0.000000 -0.568122 0.602953 0.602953 0.602953
2687.933594 0.000000 2423.363281 0.000000 0.099300 0.000000 -0.995058 0.763556 0.763556 0.763556
2745.782471 0.000000 2459.087646 0.000000 0.383455 0.000000 -0.923559 0.720432 0.720432 0.720432
2733.276611 0.000000 2460.636230 0.000000 0.988197 0.000000 -0.153190 0.527645 0.527645 0.527645
2733.279297 0.000000 2464.963867 0.000000 0.736205 0.000000 -0.676759 0.633618 0.633618 0.633618
2693.914307 0.000000 2419.673828 0.000000 0.990128 0.000000 -0.140166 0.524927 0.524927 0.524927
2740.733398 0.000000 2453.384766 0.000000 0.083292 0.000000 -0.996525 0.767364 0.767364 0.767364
2730.466797 0.000000 2464.746826 0.000000 0.996154 0.000000 -0.087622 0.515716 0.515716 0.515716
2736.752686 0.000000 2462.319092 0.000000 0.985588 0.000000 0.169166 0.470506 0.470506 0.470506
2729.010254 0.000000 2475.961182 0.000000 0.371097 0.000000 0.928594 0.285987 0.285987 0.285987
2738.812744 0.000000 2458.837158 0.000000 0.934014 0.000000 -0.357236 0.565436 0.565436 0.565436
2717.394043 0.000000 2465.191406 0.000000 0.505688 0.000000 -0.862717 0.687052 0.687052 0.687052
2731.332764 0.000000 2476.575684 0.000000 0.406707 0.000000 0.913559 0.297249 0.297249 0.297249
2742.917236 0.000000 2456.727295 0.000000 0.489056 0.000000 0.872253 0.287673 0.287673 0.287673
2716.789307 0.000000 2472.714844 0.000000 0.748223 0.000000 0.663447 0.369605 0.369605 0.369605
2687.741699 0.000000 2425.447266 0.000000 0.515469 0.000000 -0.856908 0.685008 0.685008 0.685008
2733.597656 0.000000 2462.532959 0.000000 0.999897 0.000000 0.014344 0.497422 0.497422 0.497422
2740.430176 0.000000 2457.279785 0.000000 0.631215 0.000000 -0.775608 0.672858 0.672858 0.672858
2719.212402 0.000000 2475.970703 0.000000 0.683947 0.000000 -0.729531 0.646971 0.646971 0.646971
2692.523193 0.000000 2418.736084 0.000000 0.992741 0.000000 -0.120272 0.521371 0.521371 0.521371
2694.939453 0.000000 2416.363525 0.000000 0.862904 0.000000 -0.505367 0.595234 0.595234 0.595234
2742.436279 0.000000 2454.581299 0.000000 0.542932 0.000000 -0.839776 0.683544 0.683544 0.683544
2716.292236 0.000000 2469.335449 0.000000 0.381468 0.000000 0.924382 0.287999 0.287999 0.287999
2741.845703 0.000000 2457.848633 0.000000 0.860925 0.000000 0.508731 0.396070 0.396070 0.396070
2744.558105 0.000000 2458.440430 0.000000 0.058753 0.000000 -0.998273 0.783110 0.783110 0.783110
2743.272949 0.000000 2459.862061 0.000000 0.998925 0.000000 0.046356 0.490796 0.490796 0.490796
2742.036621 0.000000 2459.275391 0.000000 0.996079 0.000000 -0.088473 0.517583 0.517583 0.517583
2743.813721 0.000000 2457.506348 0.000000 0.948409 0.000000 -0.317049 0.564636 0.564636 0.564636
2693.823730 0.000000 2507.294678 0.000000 0.894151 0.000000 -0.447766 0.582293 0.582293 0.582293
2710.516113 0.000000 2511.436768 0.000000 0.389616 0.000000 0.920978 0.289586 0.289586 0.289586
2718.302002 0.000000 2513.166992 0.000000 0.999996 0.000000 -0.002751 0.500495 0.500495 0.500495
2687.875488 0.000000 2511.468506 0.000000 0.810881 0.000000 0.585212 0.387630 0.387630 0.387630
2695.396729 0.000000 2518.495850 0.000000 0.006196 0.000000 -0.999981 0.753896 0.753896 0.753896
2735.631104 0.000000 2504.669189 0.000000 0.632118 0.000000 -0.774872 0.658799 0.658799 0.658799
2729.017334 0.000000 2481.169189 0.000000 0.873409 0.000000 -0.486988 0.591428 0.591428 0.591428
2701.260498 0.000000 2519.681152 0.000000 0.978031 0.000000 -0.208458 0.537354 0.537354 0.537354
2689.446777 0.000000 2505.003906 0.000000 0.584531 0.000000 0.811371 0.342863 0.342863 0.342863
2737.573975 0.000000 2500.280762 0.000000 0.476304 0.000000 0.879281 0.323648 0.323648 0.323648
2714.221924 0.000000 2513.078369 0.000000 0.366619 0.000000 -0.930371 0.714879 0.714879 0.714879
2721.484863 0.000000 2515.538818 0.000000 0.999977 0.000000 -0.006755 0.501117 0.501117 0.501117
2695.442383 0.000000 2522.519775 0.000000 0.490776 0.000000 0.871286 0.327682 0.327682 0.327682
2690.202148 0.000000 2508.626221 0.000000 0.950985 0.000000 -0.309237 0.553569 0.553569 0.553569
2737.945557 0.000000 2507.550537 0.000000 0.992210 0.000000 -0.124574 0.520580 0.520580 0.520580
2732.162109 0.000000 2505.300293 0.000000 0.557941 0.000000 -0.829880 0.660683 0.660683 0.660683
2728.171387 0.000000 2484.562500 0.000000 0.662295 0.000000 0.749243 0.347765 0.347765 0.347765
2703.174316 0.000000 2516.544434 0.000000 0.034770 0.000000 -0.999395 0.776102 0.776102 0.776102
2698.085205 0.000000 2520.541504 0.000000 0.565439 0.000000 0.824790 0.325672 0.325672 0.325672
2734.676758 0.000000 2501.704590 0.000000 0.852002 0.000000 0.523538 0.407147 0.407147 0.407147
2738.928711 0.000000 2504.490723 0.000000 0.075319 0.000000 -0.997160 0.763201 0.763201 0.763201
2721.316162 0.000000 2512.339600 0.000000 0.940456 0.000000 -0.339915 0.557364 0.557364 0.557364
2692.638184 0.000000 2504.522705 0.000000 0.006976 0.000000 -0.999976 0.781099 0.781099 0.781099
2713.278809 0.000000 2510.251709 0.000000 0.310999 0.000000 -0.950410 0.725508 0.725508 0.725508
2731.708984 0.000000 2480.171631 0.000000 0.852365 0.000000 -0.522948 0.594453 0.594453 0.594453
2730.842773 0.000000 2483.417969 0.000000 0.948694 0.000000 -0.316195 0.554616 0.554616 0.554616
2700.479492 0.000000 2516.939453 0.000000 0.630184 0.000000 0.776446 0.340200 0.340200 0.340200
2687.728760 0.000000 2480.568604 0.000000 0.639146 0.000000 0.769085 0.349951 0.349951 0.349951
2732.033691 0.000000 2502.467529 0.000000 0.409709 0.000000 -0.912216 0.693569 0.693569 0.693569
2714.875000 0.000000 2515.699951 0.000000 0.242360 0.000000 -0.970186 0.733384 0.733384 0.733384
2737.048828 0.000000 2502.677002 0.000000 0.888217 0.000000 0.459424 0.414196 0.414196 0.414196
2698.322021 0.000000 2518.125244 0.000000 0.857541 0.000000 -0.514416 0.597124 0.597124 0.597124
2705.779541 0.000000 2517.635742 0.000000 0.985143 0.000000 -0.171734 0.530700 0.530700 0.530700
2691.471191 0.000000 2506.615967 0.000000 0.819630 0.000000 -0.572893 0.609654 0.609654 0.609654
2688.426514 0.000000 2507.125732 0.000000 0.993157 0.000000 0.116791 0.479543 0.479543 0.479543
2739.495850 0.000000 2502.330566 0.000000 0.685877 0.000000 -0.727717 0.646495 0.646495 0.646495
2716.281006 0.000000 2513.845215 0.000000 0.987730 0.000000 -0.156169 0.528187 0.528187 0.528187
2711.292480 0.000000 2513.365234 0.000000 0.911860 0.000000 -0.410502 0.573660 0.573660 0.573660
2719.350830 0.000000 2514.870117 0.000000 0.606156 0.000000 0.795346 0.334704 0.334704 0.334704
2688.298584 0.000000 2509.508789 0.000000 0.518349 0.000000 0.855169 0.315597 0.315597 0.315597
2737.290283 0.000000 2505.749512 0.000000 0.780452 0.000000 -0.625215 0.621405 0.621405 0.621405
2704.494873 0.000000 2515.109619 0.000000 0.967141 0.000000 0.254239 0.453793 0.453793 0.453793
2729.969727 0.000000 2479.544678 0.000000 0.996634 0.000000 0.081978 0.485248 0.485248 0.485248
2687.769043 0.000000 2513.354492 0.000000 0.990674 0.000000 0.136254 0.475858 0.475858 0.475858
2729.951660 0.000000 2485.114990 0.000000 0.300562 0.000000 -0.953762 0.727478 0.727478 0.727478
2714.819092 0.000000 2511.386475 0.000000 0.922229 0.000000 -0.386645 0.569377 0.569377 0.569377
2717.551514 0.000000 2515.164551 0.000000 0.779956 0.000000 -0.625834 0.620282 0.620282 0.620282
2712.624512 0.000000 2512.123779 0.000000 0.955855 0.000000 -0.293840 0.553609 0.553609 0.553609
2699.806885 0.000000 2520.909912 0.000000 0.577697 0.000000 -0.816252 0.671643 0.671643 0.671643
2696.242676 0.000000 2520.770264 0.000000 0.084723 0.000000 -0.996405 0.767106 0.767106 0.767106
2729.088135 0.000000 2482.904541 0.000000 0.890288 0.000000 0.455398 0.415010 0.415010 0.415010
2699.940918 0.000000 2518.531494 0.000000 0.508360 0.000000 -0.861144 0.686495 0.686495 0.686495
2696.915527 0.000000 2519.184082 0.000000 0.000592 0.000000 1.000000 0.221674 0.221674 0.221674
2716.821289 0.000000 2512.361816 0.000000 0.066519 0.000000 -0.997785 0.770387 0.770387 0.770387
2814.590332 0.000000 2504.438721 0.000000 0.159518 0.000000 0.987195 0.246444 0.246444 0.246444
2770.894531 0.000000 2495.977051 0.000000 0.891401 0.000000 0.453215 0.415450 0.415450 0.415450
2757.815918 0.000000 2507.294678 0.000000 0.971260 0.000000 0.238023 0.459800 0.459800 0.459800
2771.104248 0.000000 2530.043945 0.000000 0.888890 0.000000 -0.458121 0.580788 0.580788 0.580788
2766.736572 0.000000 2504.431641 0.000000 0.904903 0.000000 0.425618 0.422345 0.422345 0.422345
2752.032959 0.000000 2500.380615 0.000000 0.600829 0.000000 -0.799378 0.666496 0.666496 0.666496
2789.018799 0.000000 2534.058594 0.000000 0.799818 0.000000 -0.600242 0.606885 0.606885 0.606885
2773.430420 0.000000 2480.071777 0.000000 0.936361 0.000000 -0.351038 0.558205 0.558205 0.558205
2757.241211 0.000000 2512.918457 0.000000 0.363678 0.000000 -0.931525 0.706470 0.706470 0.706470
2770.982422 0.000000 2489.928223 0.000000 0.734197 0.000000 -0.678937 0.634151 0.634151 0.634151
2763.055908 0.000000 2508.463623 0.000000 0.971046 0.000000 -0.238891 0.542758 0.542758 0.542758
2771.816895 0.000000 2501.173096 0.000000 0.636673 0.000000 0.771134 0.352150 0.352150 0.352150
2810.042725 0.000000 2506.515137 0.000000 0.198299 0.000000 0.980142 0.277492 0.277492 0.277492
2772.588623 0.000000 2485.128906 0.000000 0.832278 0.000000 -0.554358 0.607087 0.607087 0.607087
2753.438965 0.000000 2505.003906 0.000000 0.996866 0.000000 -0.079106 0.514037 0.514037 0.514037
2813.004639 0.000000 2509.863525 0.000000 0.761813 0.000000 0.647797 0.378169 0.378169 0.378169
2769.140869 0.000000 2479.553467 0.000000 0.842297 0.000000 0.539013 0.404069 0.404069 0.404069
2754.194336 0.000000 2508.626221 0.000000 0.334345 0.000000 -0.942451 0.721074 0.721074 0.721074
2785.273193 0.000000 2533.742676 0.000000 0.970607 0.000000 0.240671 0.459041 0.459041 0.459041
2768.724121 0.000000 2492.720459 0.000000 0.068679 0.000000 -0.997639 0.763436 0.763436 0.763436
2791.978760 0.000000 2531.939697 0.000000 0.537064 0.000000 0.843542 0.333968 0.333968 0.333968
2774.300537 0.000000 2528.812256 0.000000 0.086166 0.000000 -0.996281 0.746461 0.746461 0.746461
2771.046387 0.000000 2526.587158 0.000000 0.753877 0.000000 -0.657016 0.628855 0.628855 0.628855
2766.290283 0.000000 2507.885010 0.000000 0.904931 0.000000 0.425559 0.426472 0.426472 0.426472
2770.894531 0.000000 2482.378662 0.000000 0.620306 0.000000 -0.784360 0.664889 0.664889 0.664889
2815.586182 0.000000 2507.648193 0.000000 0.459273 0.000000 -0.888295 0.696580 0.696580 0.696580
2769.899658 0.000000 2503.954102 0.000000 0.572018 0.000000 -0.820241 0.672891 0.672891 0.672891
2758.698730 0.000000 2510.165527 0.000000 0.263450 0.000000 0.964673 0.280220 0.280220 0.280220
2765.094238 0.000000 2510.679932 0.000000 0.002799 0.000000 0.999996 0.233808 0.233808 0.233808
2771.671875 0.000000 2492.764648 0.000000 0.951480 0.000000 -0.307712 0.556224 0.556224 0.556224
2786.572998 0.000000 2531.094971 0.000000 0.368482 0.000000 0.929635 0.295164 0.295164 0.295164
2773.307129 0.000000 2487.999023 0.000000 0.904463 0.000000 -0.426553 0.577562 0.577562 0.577562
2764.218994 0.000000 2505.854248 0.000000 0.458068 0.000000 -0.888917 0.696824 0.696824 0.696824
2754.460205 0.000000 2512.639648 0.000000 0.977345 0.000000 0.211653 0.464594 0.464594 0.464594
2812.849609 0.000000 2507.025391 0.000000 0.464571 0.000000 -0.885536 0.695506 0.695506 0.695506
2769.895996 0.000000 2485.696045 0.000000 0.117018 0.000000 0.993130 0.236915 0.236915 0.236915
2753.993164 0.000000 2502.361328 0.000000 0.284847 0.000000 -0.958573 0.730432 0.730432 0.730432
2756.059814 0.000000 2510.500977 0.000000 0.858886 0.000000 0.512166 0.403347 0.403347 0.403347
2768.064697 0.000000 2490.230225 0.000000 0.009698 0.000000 -0.999953 0.780610 0.780610 0.780610
2767.887207 0.000000 2502.126465 0.000000 0.954339 0.000000 0.298727 0.445471 0.445471 0.445471
2755.463379 0.000000 2506.615967 0.000000 0.360544 0.000000 0.932742 0.283949 0.283949 0.283949
2752.418701 0.000000 2507.125732 0.000000 0.134443 0.000000 0.990921 0.249057 0.249057 0.249057
2770.982666 0.000000 2487.654297 0.000000 0.168920 0.000000 -0.985630 0.767583 0.767583 0.767583
2772.999023 0.000000 2531.376953 0.000000 0.172626 0.000000 0.984987 0.255810 0.255810 0.255810
2788.741455 0.000000 2531.870361 0.000000 0.087078 0.000000 0.996201 0.238875 0.238875 0.238875
2773.144287 0.000000 2494.448975 0.000000 0.464546 0.000000 -0.885549 0.692796 0.692796 0.692796
2769.116943 0.000000 2494.809570 0.000000 0.967443 0.000000 0.253090 0.456402 0.456402 0.456402
2773.150391 0.000000 2526.947266 0.000000 0.691773 0.000000 -0.722115 0.645033 0.645033 0.645033
2769.489502 0.000000 2500.673828 0.000000 0.182749 0.000000 0.983160 0.255876 0.255876 0.255876
2771.061279 0.000000 2480.257080 0.000000 0.489555 0.000000 0.871972 0.309604 0.309604 0.309604
2787.187500 0.000000 2533.183594 0.000000 0.062243 0.000000 0.998061 0.228843 0.228843 0.228843
2771.907471 0.000000 2524.791260 0.000000 0.942754 0.000000 -0.333488 0.560055 0.560055 0.560055
2756.425537 0.000000 2508.634521 0.000000 0.911377 0.000000 0.411573 0.424812 0.424812 0.424812
2769.430908 0.000000 2488.808350 0.000000 0.994563 0.000000 0.104140 0.481377 0.481377 0.481377
2772.130127 0.000000 2528.530029 0.000000 0.121104 0.000000 0.992640 0.239469 0.239469 0.239469
2770.128174 0.000000 2491.508057 0.000000 0.799789 0.000000 -0.600282 0.615734 0.615734 0.615734
2769.040039 0.000000 2482.273193 0.000000 0.784427 0.000000 0.620221 0.383082 0.383082 0.383082
2814.396973 0.000000 2506.192871 0.000000 0.266979 0.000000 -0.963702 0.733774 0.733774 0.733774
2765.583252 0.000000 2503.000000 0.000000 0.192058 0.000000 0.981384 0.257544 0.257544 0.257544
2754.889893 0.000000 2503.947021 0.000000 0.942068 0.000000 -0.335423 0.561485 0.561485 0.561485
2764.573730 0.000000 2507.651367 0.000000 0.880964 0.000000 0.473183 0.411400 0.411400 0.411400
2770.841797 0.000000 2494.292236 0.000000 0.755534 0.000000 -0.655110 0.628402 0.628402 0.628402
2753.777100 0.000000 2500.703125 0.000000 0.577659 0.000000 0.816278 0.328348 0.328348 0.328348
2769.789062 0.000000 2502.338867 0.000000 0.997795 0.000000 -0.066371 0.511939 0.511939 0.511939
2765.838623 0.000000 2505.807129 0.000000 0.905537 0.000000 0.424267 0.421241 0.421241 0.421241
2770.416992 0.000000 2528.486816 0.000000 0.595446 0.000000 -0.803396 0.667122 0.667122 0.667122
2764.497314 0.000000 2509.232910 0.000000 0.725253 0.000000 0.688482 0.363498 0.363498 0.363498
2757.508057 0.000000 2511.253418 0.000000 0.626711 0.000000 0.779251 0.339397 0.339397 0.339397
2769.494873 0.000000 2487.186279 0.000000 0.289023 0.000000 -0.957322 0.733636 0.733636 0.733636
2771.110596 0.000000 2484.808838 0.000000 0.339473 0.000000 0.940616 0.254686 0.254686 0.254686
2771.117188 0.000000 2486.274658 0.000000 0.367425 0.000000 -0.930053 0.728144 0.728144 0.728144
2836.622314 0.000000 2553.327148 0.000000 0.600555 0.000000 -0.799583 0.650943 0.650943 0.650943
2826.697510 0.000000 2524.642090 0.000000 0.056451 0.000000 0.998405 0.257099 0.257099 0.257099
2822.281494 0.000000 2493.019287 0.000000 0.820305 0.000000 -0.571926 0.599182 0.599182 0.599182
2816.025146 0.000000 2500.380615 0.000000 0.340718 0.000000 0.940166 0.288540 0.288540 0.288540
2822.015381 0.000000 2531.176514 0.000000 0.470131 0.000000 -0.882596 0.694375 0.694375 0.694375
2876.804443 0.000000 2486.853271 0.000000 0.856319 0.000000 -0.516446 0.588066 0.588066 0.588066
2817.431152 0.000000 2505.003906 0.000000 0.662603 0.000000 -0.748970 0.650576 0.650576 0.650576
2864.300537 0.000000 2486.109131 0.000000 0.144385 0.000000 0.989522 0.259711 0.259711 0.259711
2857.092041 0.000000 2496.749512 0.000000 0.702419 0.000000 -0.711764 0.642364 0.642364 0.642364
2832.259033 0.000000 2551.932861 0.000000 0.892225 0.000000 0.451591 0.423381 0.423381 0.423381
2834.100098 0.000000 2556.958740 0.000000 0.209013 0.000000 0.977913 0.256345 0.256345 0.256345
2821.615723 0.000000 2497.443359 0.000000 0.267307 0.000000 0.963611 0.266287 0.266287 0.266287
2823.285400 0.000000 2527.108887 0.000000 0.792289 0.000000 0.610146 0.387773 0.387773 0.387773
2877.246094 0.000000 2490.940918 0.000000 0.359304 0.000000 0.933221 0.283710 0.283710 0.283710
2837.634033 0.000000 2556.924561 0.000000 0.060501 0.000000 -0.998168 0.771471 0.771471 0.771471
2825.053955 0.000000 2529.914062 0.000000 0.847670 0.000000 -0.530524 0.600520 0.600520 0.600520
2861.714355 0.000000 2484.058350 0.000000 0.569385 0.000000 -0.822071 0.663228 0.663228 0.663228
2819.238770 0.000000 2499.908691 0.000000 0.880829 0.000000 0.473435 0.417505 0.417505 0.417505
2830.381592 0.000000 2554.179443 0.000000 0.854344 0.000000 0.519708 0.403811 0.403811 0.403811
2833.957764 0.000000 2554.143555 0.000000 0.927649 0.000000 0.373454 0.431204 0.431204 0.431204
2874.987793 0.000000 2489.017578 0.000000 0.352372 0.000000 -0.935860 0.716868 0.716868 0.716868
2859.876709 0.000000 2496.582031 0.000000 0.895242 0.000000 -0.445581 0.577825 0.577825 0.577825
2855.225098 0.000000 2494.741943 0.000000 0.407118 0.000000 -0.913376 0.697641 0.697641 0.697641
2817.985352 0.000000 2502.361328 0.000000 0.855841 0.000000 -0.517238 0.597717 0.597717 0.597717
2858.033936 0.000000 2494.146240 0.000000 0.757204 0.000000 0.653178 0.380054 0.380054 0.380054
2826.014893 0.000000 2527.171143 0.000000 0.327501 0.000000 -0.944851 0.707707 0.707707 0.707707
2829.986084 0.000000 2550.676270 0.000000 0.997720 0.000000 -0.067492 0.512015 0.512015 0.512015
2854.339844 0.000000 2497.105469 0.000000 0.718624 0.000000 0.695399 0.368015 0.368015 0.368015
2819.208740 0.000000 2497.567383 0.000000 0.655565 0.000000 -0.755139 0.647967 0.647967 0.647967
2832.102783 0.000000 2555.822510 0.000000 0.209130 0.000000 0.977888 0.255518 0.255518 0.255518
2815.917969 0.000000 2503.347656 0.000000 0.455571 0.000000 0.890199 0.306783 0.306783 0.306783
2821.700439 0.000000 2495.197266 0.000000 0.686084 0.000000 0.727523 0.355081 0.355081 0.355081
2821.898682 0.000000 2499.658203 0.000000 0.973500 0.000000 -0.228689 0.539458 0.539458 0.539458
2835.910400 0.000000 2555.610352 0.000000 0.904912 0.000000 0.425599 0.420977 0.420977 0.420977
2861.450928 0.000000 2486.252197 0.000000 0.828101 0.000000 0.560579 0.398604 0.398604 0.398604
2823.880615 0.000000 2494.240479 0.000000 0.514924 0.000000 0.857236 0.314878 0.314878 0.314878
2823.958984 0.000000 2531.531738 0.000000 0.332808 0.000000 0.942995 0.278633 0.278633 0.278633
2825.830078 0.000000 2531.952393 0.000000 0.855352 0.000000 0.518047 0.405512 0.405512 0.405512
2876.902100 0.000000 2489.128418 0.000000 0.810088 0.000000 0.586308 0.387387 0.387387 0.387387
2820.017822 0.000000 2495.926758 0.000000 0.951055 0.000000 0.309021 0.444117 0.444117 0.444117
2829.639404 0.000000 2552.461914 0.000000 0.323962 0.000000 0.946070 0.278499 0.278499 0.278499
2823.293701 0.000000 2529.864502 0.000000 0.981819 0.000000 0.189822 0.465671 0.465671 0.465671
2815.726074 0.000000 2505.431641 0.000000 0.129167 0.000000 0.991623 0.240930 0.240930 0.240930
2824.689697 0.000000 2528.228027 0.000000 0.763987 0.000000 -0.645232 0.626064 0.626064 0.626064
2832.437012 0.000000 2553.590332 0.000000 0.679835 0.000000 -0.733365 0.647982 0.647982 0.647982
2822.923828 0.000000 2496.347900 0.000000 0.931527 0.000000 -0.363673 0.566440 0.566440 0.566440
2836.006104 0.000000 2557.317627 0.000000 0.174996 0.000000 -0.984569 0.750734 0.750734 0.750734
2833.788574 0.000000 2552.500244 0.000000 0.583986 0.000000 0.811764 0.329746 0.329746 0.329746
2932.762207 0.000000 2539.016602 0.000000 0.310616 0.000000 0.950535 0.279903 0.279903 0.279903
2885.800293 0.000000 2507.294678 0.000000 0.146783 0.000000 -0.989169 0.755873 0.755873 0.755873
2898.578613 0.000000 2520.963379 0.000000 0.912972 0.000000 -0.408023 0.575547 0.575547 0.575547
2902.228271 0.000000 2537.727539 0.000000 0.494990 0.000000 -0.868899 0.689273 0.689273 0.689273
2905.814453 0.000000 2530.236572 0.000000 0.690992 0.000000 0.722863 0.361328 0.361328 0.361328
2885.906250 0.000000 2501.820068 0.000000 0.398400 0.000000 -0.917212 0.708696 0.708696 0.708696
2902.189209 0.000000 2525.055908 0.000000 0.742705 0.000000 0.669618 0.376818 0.376818 0.376818
2927.506592 0.000000 2540.693604 0.000000 0.573733 0.000000 -0.819043 0.672515 0.672515 0.672515
2893.237061 0.000000 2519.681152 0.000000 0.706930 0.000000 -0.707283 0.641221 0.641221 0.641221
2881.674316 0.000000 2495.493164 0.000000 0.459704 0.000000 0.888072 0.303507 0.303507 0.303507
2902.226318 0.000000 2533.202881 0.000000 0.553053 0.000000 0.833146 0.322986 0.322986 0.322986
2885.607910 0.000000 2497.443359 0.000000 0.399083 0.000000 0.916915 0.291438 0.291438 0.291438
2905.926025 0.000000 2535.418457 0.000000 0.410266 0.000000 -0.911966 0.692750 0.692750 0.692750
2903.503906 0.000000 2541.686768 0.000000 0.617905 0.000000 -0.786252 0.659801 0.659801 0.659801
2941.990967 0.000000 2551.746582 0.000000 0.287552 0.000000 0.957765 0.286042 0.286042 0.286042
2929.280273 0.000000 2537.529541 0.000000 0.999891 0.000000 -0.014788 0.502418 0.502418 0.502418
2895.150879 0.000000 2516.544434 0.000000 0.476005 0.000000 0.879443 0.310177 0.310177 0.310177
2881.137451 0.000000 2492.085693 0.000000 0.920439 0.000000 -0.390886 0.567675 0.567675 0.567675
2902.284912 0.000000 2528.812256 0.000000 0.219193 0.000000 0.975681 0.257370 0.257370 0.257370
2899.030762 0.000000 2526.587158 0.000000 0.538310 0.000000 -0.842747 0.665788 0.665788 0.665788
2883.230957 0.000000 2499.908691 0.000000 0.987764 0.000000 0.155956 0.472536 0.472536 0.472536
2904.953857 0.000000 2526.952393 0.000000 0.045263 0.000000 -0.998975 0.756124 0.756124 0.756124
2886.683105 0.000000 2510.165527 0.000000 0.089926 0.000000 0.995948 0.256014 0.256014 0.256014
2884.614746 0.000000 2504.522705 0.000000 0.983417 0.000000 -0.181357 0.532781 0.532781 0.532781
2942.270264 0.000000 2546.375732 0.000000 0.415627 0.000000 0.909535 0.310377 0.310377 0.310377
2898.043213 0.000000 2523.895996 0.000000 0.634609 0.000000 0.772833 0.341227 0.341227 0.341227
2927.065674 0.000000 2543.527832 0.000000 0.424066 0.000000 0.905632 0.296366 0.296366 0.296366
2896.080322 0.000000 2519.352783 0.000000 0.881869 0.000000 0.471495 0.411745 0.411745 0.411745
2900.473389 0.000000 2541.924072 0.000000 0.104790 0.000000 0.994494 0.250241 0.250241 0.250241
2905.161377 0.000000 2538.383301 0.000000 0.036615 0.000000 -0.999329 0.757577 0.757577 0.757577
2930.363281 0.000000 2540.836914 0.000000 0.293450 0.000000 0.955974 0.271183 0.271183 0.271183
2892.456055 0.000000 2516.939453 0.000000 0.987184 0.000000 -0.159586 0.528809 0.528809 0.528809
2883.673340 0.000000 2493.697998 0.000000 0.099493 0.000000 0.995038 0.253006 0.253006 0.253006
2880.180420 0.000000 2497.686768 0.000000 0.991742 0.000000 0.128249 0.478087 0.478087 0.478087
2900.564209 0.000000 2522.963867 0.000000 0.852512 0.000000 0.522707 0.405252 0.405252 0.405252
2942.378418 0.000000 2549.094727 0.000000 0.861034 0.000000 0.508547 0.404436 0.404436 0.404436
2887.149658 0.000000 2504.842773 0.000000 0.009773 0.000000 -0.999952 0.769879 0.769879 0.769879
2903.403809 0.000000 2535.580322 0.000000 0.659498 0.000000 -0.751706 0.652374 0.652374 0.652374
2903.209961 0.000000 2531.033203 0.000000 0.714003 0.000000 -0.700143 0.639415 0.639415 0.639415
2883.200928 0.000000 2497.567383 0.000000 0.674993 0.000000 -0.737824 0.648129 0.648129 0.648129
2901.116211 0.000000 2539.767090 0.000000 0.879396 0.000000 0.476091 0.413594 0.413594 0.413594
2930.976562 0.000000 2536.026367 0.000000 0.274505 0.000000 -0.961586 0.729948 0.729948 0.729948
2925.253174 0.000000 2540.620605 0.000000 0.102469 0.000000 -0.994736 0.751073 0.751073 0.751073
2885.692627 0.000000 2495.197266 0.000000 0.040463 0.000000 0.999181 0.225877 0.225877 0.225877
2900.812256 0.000000 2534.884521 0.000000 0.501102 0.000000 0.865388 0.319827 0.319827 0.319827
2885.890869 0.000000 2499.658203 0.000000 0.541575 0.000000 0.840652 0.318651 0.318651 0.318651
2901.134766 0.000000 2526.947266 0.000000 0.133543 0.000000 -0.991043 0.758276 0.758276 0.758276
2903.175781 0.000000 2539.637939 0.000000 0.288247 0.000000 -0.957556 0.729794 0.729794 0.729794
2930.789307 0.000000 2538.821533 0.000000 0.277518 0.000000 -0.960721 0.731805 0.731805 0.731805
2899.891846 0.000000 2524.791260 0.000000 0.398414 0.000000 0.917206 0.297829 0.297829 0.297829
2884.004150 0.000000 2502.645020 0.000000 0.814225 0.000000 -0.580549 0.611338 0.611338 0.611338
2903.004395 0.000000 2527.022705 0.000000 0.765817 0.000000 0.643059 0.374446 0.374446 0.374446
2887.334961 0.000000 2508.402588 0.000000 0.767699 0.000000 0.640810 0.374973 0.374973 0.374973
2884.409912 0.000000 2508.634521 0.000000 0.946098 0.000000 0.323879 0.442772 0.442772 0.442772
2928.950195 0.000000 2539.386963 0.000000 0.795169 0.000000 -0.606389 0.614670 0.614670 0.614670
2894.470215 0.000000 2518.280518 0.000000 0.676220 0.000000 0.736700 0.351134 0.351134 0.351134
2884.010010 0.000000 2495.926758 0.000000 0.985805 0.000000 -0.167895 0.530218 0.530218 0.530218
2884.499756 0.000000 2498.720459 0.000000 0.694597 0.000000 -0.719399 0.645832 0.645832 0.645832
2884.519287 0.000000 2500.905518 0.000000 0.850348 0.000000 -0.526221 0.599609 0.599609 0.599609
2880.066895 0.000000 2495.741211 0.000000 0.626164 0.000000 0.779692 0.339271 0.339271 0.339271
2896.984619 0.000000 2520.697998 0.000000 0.818274 0.000000 -0.574828 0.610079 0.610079 0.610079
2898.926514 0.000000 2522.569336 0.000000 0.823669 0.000000 -0.567070 0.608380 0.608380 0.608380
2944.251709 0.000000 2544.402588 0.000000 0.771190 0.000000 -0.636604 0.610261 0.610261 0.610261
2957.793945 0.000000 2556.987305 0.000000 0.840910 0.000000 -0.541175 0.602788 0.602788 0.602788
2944.417236 0.000000 2553.341797 0.000000 0.560258 0.000000 0.828318 0.333074 0.333074 0.333074
2943.833984 0.000000 2549.022705 0.000000 0.927356 0.000000 -0.374179 0.568697 0.568697 0.568697
2954.164307 0.000000 2557.799316 0.000000 0.830455 0.000000 0.557085 0.398215 0.398215 0.398215
2947.269775 0.000000 2546.508545 0.000000 0.996132 0.000000 0.087873 0.484184 0.484184 0.484184
2958.365967 0.000000 2554.179443 0.000000 0.209134 0.000000 0.977887 0.274194 0.274194 0.274194
2954.414795 0.000000 2554.927246 0.000000 0.852323 0.000000 -0.523016 0.595154 0.595154 0.595154
2945.762207 0.000000 2550.993896 0.000000 0.752992 0.000000 0.658030 0.370903 0.370903 0.370903
2946.249512 0.000000 2548.654053 0.000000 0.975883 0.000000 0.218294 0.460443 0.460443 0.460443
2944.393311 0.000000 2546.752686 0.000000 0.939178 0.000000 0.343431 0.438298 0.438298 0.438298
2943.703613 0.000000 2551.274658 0.000000 0.861660 0.000000 -0.507487 0.595675 0.595675 0.595675
2959.688232 0.000000 2557.886963 0.000000 0.140706 0.000000 -0.990051 0.748054 0.748054 0.748054
2956.470703 0.000000 2555.391113 0.000000 0.677496 0.000000 0.735526 0.351446 0.351446 0.351446
2956.225342 0.000000 2558.718750 0.000000 0.922404 0.000000 -0.386227 0.570536 0.570536 0.570536
2949.273926 0.000000 2546.442871 0.000000 0.817808 0.000000 -0.575491 0.606780 0.606780 0.606780
2958.101318 0.000000 2558.712402 0.000000 0.551357 0.000000 -0.834270 0.677380 0.677380 0.677380
1908.887085 0.000000 2619.000977 0.000000 0.079673 0.000000 0.996821 0.258971 0.258971 0.258971
1893.638306 0.000000 2596.198486 0.000000 0.592609 0.000000 -0.805490 0.651387 0.651387 0.651387
1898.438354 0.000000 2609.154541 0.000000 0.123527 0.000000 -0.992341 0.735708 0.735708 0.735708
1896.778198 0.000000 2620.018555 0.000000 0.997507 0.000000 -0.070568 0.511417 0.511417 0.511417
1901.673950 0.000000 2600.660400 0.000000 0.100606 0.000000 -0.994926 0.735796 0.735796 0.735796
1891.438721 0.000000 2605.164307 0.000000 0.785528 0.000000 0.618826 0.392971 0.392971 0.392971
1893.015503 0.000000 2639.476562 0.000000 0.999955 0.000000 -0.009511 0.501561 0.501561 0.501561
1900.026123 0.000000 2634.694580 0.000000 0.859763 0.000000 -0.510693 0.587982 0.587982 0.587982
1919.270020 0.000000 2635.541016 0.000000 0.854006 0.000000 0.520263 0.410527 0.410527 0.410527
1893.128174 0.000000 2614.042969 0.000000 0.960118 0.000000 0.279596 0.454192 0.454192 0.454192
1881.877808 0.000000 2576.262695 0.000000 0.991987 0.000000 0.126344 0.479680 0.479680 0.479680
1910.092529 0.000000 2625.250732 0.000000 0.996154 0.000000 -0.087616 0.514346 0.514346 0.514346
1913.783813 0.000000 2633.705566 0.000000 0.907728 0.000000 -0.419559 0.570529 0.570529 0.570529
1887.441650 0.000000 2579.462891 0.000000 0.984076 0.000000 -0.177748 0.528998 0.528998 0.528998
1910.976074 0.000000 2612.883057 0.000000 0.931632 0.000000 0.363404 0.439182 0.439182 0.439182
1896.600342 0.000000 2625.730469 0.000000 0.684142 0.000000 -0.729349 0.631619 0.631619 0.631619
1895.885376 0.000000 2601.400879 0.000000 0.922224 0.000000 -0.386656 0.565167 0.565167 0.565167
1899.617676 0.000000 2629.834229 0.000000 0.730313 0.000000 -0.683112 0.622973 0.622973 0.622973
1907.137329 0.000000 2629.333252 0.000000 0.480557 0.000000 -0.876964 0.674222 0.674222 0.674222
1893.458862 0.000000 2609.511475 0.000000 0.385731 0.000000 -0.922611 0.692107 0.692107 0.692107
1895.247070 0.000000 2635.058838 0.000000 0.551804 0.000000 0.833974 0.338721 0.338721 0.338721
1911.550781 0.000000 2629.422119 0.000000 0.366186 0.000000 0.930542 0.304443 0.304443 0.304443
1895.824585 0.000000 2605.765137 0.000000 0.939766 0.000000 0.341819 0.442954 0.442954 0.442954
1915.566895 0.000000 2638.032227 0.000000 0.524789 0.000000 0.851232 0.334114 0.334114 0.334114
1899.036743 0.000000 2603.503906 0.000000 0.898422 0.000000 -0.439134 0.574344 0.574344 0.574344
1919.648804 0.000000 2639.399414 0.000000 0.546287 0.000000 0.837598 0.337642 0.337642 0.337642
1900.162842 0.000000 2618.450195 0.000000 0.999106 0.000000 0.042278 0.493005 0.493005 0.493005
1897.890259 0.000000 2637.873779 0.000000 0.347401 0.000000 0.937717 0.301155 0.301155 0.301155
1885.695557 0.000000 2576.269531 0.000000 0.962072 0.000000 -0.272795 0.545181 0.545181 0.545181
1901.139526 0.000000 2637.734863 0.000000 0.415564 0.000000 0.909564 0.307514 0.307514 0.307514
1918.699585 0.000000 2664.407471 0.000000 0.369181 0.000000 0.929358 0.307203 0.307203 0.307203
1902.587280 0.000000 2640.806885 0.000000 0.774237 0.000000 -0.632896 0.615055 0.615055 0.615055
1915.039062 0.000000 2641.416016 0.000000 0.404502 0.000000 0.914537 0.311234 0.311234 0.311234
1892.803711 0.000000 2644.800537 0.000000 0.257092 0.000000 -0.966387 0.709436 0.709436 0.709436
1909.731079 0.000000 2662.926025 0.000000 0.979764 0.000000 -0.200156 0.532324 0.532324 0.532324
1904.502075 0.000000 2650.706299 0.000000 0.978383 0.000000 0.206803 0.465937 0.465937 0.465937
1915.114380 0.000000 2658.243408 0.000000 0.814594 0.000000 -0.580031 0.600025 0.600025 0.600025
1908.104614 0.000000 2656.197266 0.000000 0.079650 0.000000 -0.996823 0.748477 0.748477 0.748477
1919.250122 0.000000 2654.192383 0.000000 0.847934 0.000000 -0.530101 0.591364 0.591364 0.591364
1897.118896 0.000000 2641.137939 0.000000 0.107751 0.000000 0.994178 0.260791 0.260791 0.260791
1916.921631 0.000000 2646.822021 0.000000 0.961529 0.000000 -0.274704 0.546201 0.546201 0.546201
1904.417725 0.000000 2646.077881 0.000000 0.021789 0.000000 0.999763 0.240900 0.240900 0.240900
1908.805786 0.000000 2651.412109 0.000000 0.994418 0.000000 -0.105513 0.517286 0.517286 0.517286
1919.204468 0.000000 2643.099609 0.000000 0.457402 0.000000 -0.889260 0.678493 0.678493 0.678493
1895.267578 0.000000 2648.136963 0.000000 0.548149 0.000000 -0.836381 0.661994 0.661994 0.661994
1914.752075 0.000000 2662.358643 0.000000 0.999536 0.000000 0.030450 0.494887 0.494887 0.494887
1912.138306 0.000000 2655.058594 0.000000 0.997194 0.000000 -0.074864 0.512254 0.512254 0.512254
1911.144775 0.000000 2658.979004 0.000000 0.764448 0.000000 0.644685 0.381935 0.381935 0.381935
1907.116211 0.000000 2648.248047 0.000000 0.990791 0.000000 -0.135398 0.522463 0.522463 0.522463
1893.771240 0.000000 2641.543945 0.000000 0.223432 0.000000 -0.974719 0.721695 0.721695 0.721695
1912.111206 0.000000 2661.567383 0.000000 0.306448 0.000000 -0.951887 0.715364 0.715364 0.715364
1911.290527 0.000000 2652.550781 0.000000 0.655533 0.000000 0.755167 0.357367 0.357367 0.357367
1912.939819 0.000000 2663.975830 0.000000 0.152724 0.000000 -0.988269 0.738868 0.738868 0.738868
1913.651855 0.000000 2660.003418 0.000000 0.898290 0.000000 -0.439404 0.577800 0.577800 0.577800
1920.542236 0.000000 2633.326172 0.000000 0.755961 0.000000 0.654617 0.384633 0.384633 0.384633
1930.807007 0.000000 2684.610840 0.000000 0.589638 0.000000 0.807668 0.347431 0.347431 0.347431
1934.203125 0.000000 2698.970459 0.000000 0.962806 0.000000 -0.270194 0.544739 0.544739 0.544739
1919.969238 0.000000 2671.437256 0.000000 0.944880 0.000000 -0.327416 0.554338 0.554338 0.554338
1927.490479 0.000000 2678.464600 0.000000 0.964587 0.000000 -0.263764 0.543648 0.543648 0.543648
1936.359253 0.000000 2694.329590 0.000000 0.996547 0.000000 -0.083026 0.513489 0.513489 0.513489
1919.894897 0.000000 2643.829590 0.000000 0.922036 0.000000 -0.387104 0.564751 0.564751 0.564751
1923.983398 0.000000 2676.526367 0.000000 0.897715 0.000000 -0.440576 0.574321 0.574321 0.574321
1932.682129 0.000000 2687.941650 0.000000 0.385511 0.000000 -0.922703 0.694346 0.694346 0.694346
1935.593262 0.000000 2690.535645 0.000000 0.529074 0.000000 0.848575 0.329876 0.329876 0.329876
1960.376343 0.000000 2732.136230 0.000000 0.995418 0.000000 -0.095614 0.515599 0.515599 0.515599
1972.096802 0.000000 2736.181641 0.000000 0.025206 0.000000 -0.999682 0.749846 0.749846 0.749846
1983.242310 0.000000 2734.176758 0.000000 0.996255 0.000000 0.086466 0.485519 0.485519 0.485519
1961.201294 0.000000 2736.702637 0.000000 0.999272 0.000000 -0.038161 0.506170 0.506170 0.506170
1976.130493 0.000000 2735.042969 0.000000 0.916463 0.000000 0.400120 0.431144 0.431144 0.431144
1967.999878 0.000000 2736.487549 0.000000 0.207265 0.000000 0.978285 0.278128 0.278128 0.278128
1979.699951 0.000000 2734.670898 0.000000 0.663529 0.000000 0.748150 0.358613 0.358613 0.358613
1982.478760 0.000000 2737.505371 0.000000 0.902479 0.000000 0.430733 0.426348 0.426348 0.426348
1973.288086 0.000000 2734.059326 0.000000 0.369596 0.000000 0.929192 0.299834 0.299834 0.299834
1985.783691 0.000000 2735.446289 0.000000 0.204194 0.000000 0.978930 0.270800 0.270800 0.270800
1985.246826 0.000000 2732.038818 0.000000 0.930471 0.000000 0.366366 0.438194 0.438194 0.438194
1987.782593 0.000000 2733.651123 0.000000 0.215671 0.000000 -0.976466 0.725540 0.725540 0.725540
2077.589600 0.000000 2794.385498 0.000000 0.983360 0.000000 -0.181666 0.529417 0.529417 0.529417
2079.156982 0.000000 2797.687500 0.000000 0.528513 0.000000 0.848925 0.334195 0.334195 0.334195
2130.672363 0.000000 2760.916504 0.000000 0.322016 0.000000 -0.946734 0.704026 0.704026 0.704026
2144.186035 0.000000 2759.409912 0.000000 0.639398 0.000000 0.768876 0.358766 0.358766 0.358766
2130.492432 0.000000 2755.219971 0.000000 0.740634 0.000000 -0.671909 0.622321 0.622321 0.622321
2128.604980 0.000000 2750.152588 0.000000 0.559554 0.000000 -0.828794 0.662803 0.662803 0.662803
2138.019775 0.000000 2775.371582 0.000000 0.963355 0.000000 0.268229 0.455594 0.455594 0.455594
2143.284424 0.000000 2765.454834 0.000000 0.793997 0.000000 0.607922 0.393555 0.393555 0.393555
2134.647705 0.000000 2760.674805 0.000000 0.853204 0.000000 -0.521578 0.589383 0.589383 0.589383
2140.185791 0.000000 2767.454834 0.000000 0.302843 0.000000 0.953040 0.293449 0.293449 0.293449
2134.378662 0.000000 2768.765381 0.000000 0.965976 0.000000 -0.258633 0.542779 0.542779 0.542779
2132.428955 0.000000 2758.029297 0.000000 0.117968 0.000000 -0.993017 0.742967 0.742967 0.742967
2131.797363 0.000000 2752.549072 0.000000 0.574854 0.000000 -0.818256 0.660904 0.660904 0.660904
2110.676270 0.000000 2824.376221 0.000000 0.754601 0.000000 -0.656184 0.617042 0.617042 0.617042
2080.576172 0.000000 2825.324463 0.000000 0.603522 0.000000 0.797347 0.349662 0.349662 0.349662
2084.780273 0.000000 2804.769287 0.000000 0.106539 0.000000 0.994309 0.263333 0.263333 0.263333
2085.548340 0.000000 2819.419922 0.000000 0.712322 0.000000 0.701853 0.374236 0.374236 0.374236
2079.418213 0.000000 2819.416016 0.000000 0.814188 0.000000 -0.580601 0.599751 0.599751 0.599751
2067.068359 0.000000 2809.865723 0.000000 0.969209 0.000000 -0.246241 0.540374 0.540374 0.540374
2081.327637 0.000000 2800.997314 0.000000 0.707865 0.000000 0.706348 0.371744 0.371744 0.371744
2083.546387 0.000000 2809.912354 0.000000 0.562222 0.000000 -0.826986 0.658620 0.658620 0.658620
2106.128662 0.000000 2826.452637 0.000000 0.146137 0.000000 0.989264 0.262676 0.262676 0.262676
2068.674561 0.000000 2805.066406 0.000000 0.022419 0.000000 -0.999749 0.753196 0.753196 0.753196
2097.652100 0.000000 2820.218262 0.000000 0.959190 0.000000 -0.282763 0.547415 0.547415 0.547415
2109.090576 0.000000 2829.801025 0.000000 0.339880 0.000000 -0.940469 0.698626 0.698626 0.698626
2087.244141 0.000000 2808.105713 0.000000 0.988126 0.000000 0.153643 0.474102 0.474102 0.474102
2106.728516 0.000000 2822.327393 0.000000 0.617357 0.000000 0.786683 0.351943 0.351943 0.351943
2110.043945 0.000000 2833.687500 0.000000 0.656190 0.000000 -0.754596 0.640353 0.640353 0.640353
2095.984375 0.000000 2816.471924 0.000000 0.415653 0.000000 0.909523 0.313234 0.313234 0.313234
2082.412354 0.000000 2821.829102 0.000000 0.029837 0.000000 -0.999555 0.755830 0.755830 0.755830
2082.400146 0.000000 2817.825195 0.000000 0.430817 0.000000 0.902439 0.311054 0.311054 0.311054
2111.672119 0.000000 2827.585693 0.000000 0.983371 0.000000 -0.181608 0.530547 0.530547 0.530547
2103.125000 0.000000 2825.593018 0.000000 0.351798 0.000000 0.936076 0.296631 0.296631 0.296631
2100.456543 0.000000 2820.192627 0.000000 0.662955 0.000000 -0.748659 0.641515 0.641515 0.641515
2169.676025 0.000000 2832.391357 0.000000 0.988118 0.000000 0.153698 0.475248 0.475248 0.475248
2111.945801 0.000000 2831.406006 0.000000 0.350570 0.000000 0.936536 0.297924 0.297924 0.297924
2173.042480 0.000000 2837.933594 0.000000 0.170095 0.000000 0.985428 0.271088 0.271088 0.271088
2113.517090 0.000000 2824.941406 0.000000 0.831023 0.000000 0.556239 0.403913 0.403913 0.403913
2175.645508 0.000000 2846.828857 0.000000 0.296321 0.000000 -0.955088 0.707668 0.707668 0.707668
2112.811523 0.000000 2834.877441 0.000000 0.222172 0.000000 -0.975007 0.720227 0.720227 0.720227
2228.848145 0.000000 2858.954102 0.000000 0.911687 0.000000 -0.410885 0.569240 0.569240 0.569240
2176.272217 0.000000 2838.429932 0.000000 0.262664 0.000000 -0.964887 0.708514 0.708514 0.708514
2216.739258 0.000000 2859.971680 0.000000 0.993904 0.000000 -0.110249 0.517927 0.517927 0.517927
2195.174561 0.000000 2849.981445 0.000000 0.264501 0.000000 0.964386 0.289350 0.289350 0.289350
2235.956543 0.000000 2868.267822 0.000000 0.999767 0.000000 0.021563 0.496487 0.496487 0.496487
2223.054199 0.000000 2866.426270 0.000000 0.832295 0.000000 -0.554333 0.595713 0.595713 0.595713
2196.504395 0.000000 2864.674561 0.000000 0.979742 0.000000 -0.200263 0.532845 0.532845 0.532845
2222.246094 0.000000 2855.342041 0.000000 0.610844 0.000000 -0.791751 0.647696 0.647696 0.647696
2210.448730 0.000000 2863.124756 0.000000 0.171434 0.000000 -0.985196 0.728690 0.728690 0.728690
2213.089111 0.000000 2853.996094 0.000000 0.151804 0.000000 0.988411 0.268057 0.268057 0.268057
2179.920898 0.000000 2844.572266 0.000000 0.318726 0.000000 0.947847 0.297738 0.297738 0.297738
2183.459229 0.000000 2838.433350 0.000000 0.423307 0.000000 0.905986 0.317443 0.317443 0.317443
2233.744629 0.000000 2873.658691 0.000000 0.884507 0.000000 -0.466527 0.579368 0.579368 0.579368
2216.561279 0.000000 2865.683594 0.000000 0.540892 0.000000 -0.841092 0.662786 0.662786 0.662786
2192.327881 0.000000 2854.298340 0.000000 0.923534 0.000000 0.383517 0.435145 0.435145 0.435145
2219.578613 0.000000 2869.787354 0.000000 0.096933 0.000000 0.995291 0.259013 0.259013 0.259013
2227.098145 0.000000 2869.286377 0.000000 0.760780 0.000000 -0.649010 0.618580 0.618580 0.618580
2217.406738 0.000000 2855.257080 0.000000 0.061248 0.000000 0.998123 0.255043 0.255043 0.255043
2231.511719 0.000000 2869.375244 0.000000 0.821722 0.000000 -0.569889 0.600291 0.600291 0.600291
2194.580811 0.000000 2859.809570 0.000000 0.327380 0.000000 0.944893 0.298450 0.298450 0.298450
2219.989258 0.000000 2863.064697 0.000000 0.994649 0.000000 -0.103312 0.516924 0.516924 0.516924
2230.084717 0.000000 2877.861816 0.000000 0.804963 0.000000 0.593325 0.396925 0.396925 0.396925
2223.725830 0.000000 2871.810059 0.000000 0.664178 0.000000 0.747575 0.361920 0.361920 0.361920
2234.413574 0.000000 2864.165039 0.000000 0.880564 0.000000 -0.473927 0.580123 0.580123 0.580123
2179.893311 0.000000 2840.489502 0.000000 0.024530 0.000000 0.999699 0.247149 0.247149 0.247149
2219.455811 0.000000 2852.403320 0.000000 0.948741 0.000000 0.316054 0.447416 0.447416 0.447416
2219.771729 0.000000 2866.552734 0.000000 0.809365 0.000000 -0.587306 0.603432 0.603432 0.603432
2222.327881 0.000000 2869.178467 0.000000 0.150692 0.000000 0.988581 0.264329 0.264329 0.264329
2427.985107 0.000000 2559.531006 0.000000 0.252474 0.000000 -0.967604 0.729084 0.729084 0.729084
2235.000000 0.000000 2881.369141 0.000000 0.999769 0.000000 0.021497 0.496538 0.496538 0.496538
2258.957031 0.000000 2895.898926 0.000000 0.610239 0.000000 -0.792217 0.649532 0.649532 0.649532
2253.520020 0.000000 2890.525391 0.000000 0.626632 0.000000 0.779315 0.356110 0.356110 0.356110
2259.044922 0.000000 2889.850098 0.000000 0.072661 0.000000 -0.997357 0.742165 0.742165 0.742165
2932.877441 0.000000 2565.261719 0.000000 0.651883 0.000000 -0.758319 0.642899 0.642899 0.642899
2928.292725 0.000000 2566.093506 0.000000 0.011547 0.000000 -0.999933 0.780277 0.780277 0.780277
2930.991211 0.000000 2568.263672 0.000000 0.719458 0.000000 0.694535 0.370138 0.370138 0.370138
2925.706543 0.000000 2564.042725 0.000000 0.005801 0.000000 -0.999983 0.774473 0.774473 0.774473
2926.599121 0.000000 2568.321533 0.000000 0.998728 0.000000 0.050432 0.491372 0.491372 0.491372
2930.436523 0.000000 2564.701416 0.000000 0.003740 0.000000 0.999993 0.225166 0.225166 0.225166
2925.443115 0.000000 2566.236572 0.000000 0.561802 0.000000 0.827272 0.332785 0.332785 0.332785
2928.976318 0.000000 2568.710938 0.000000 0.115316 0.000000 0.993329 0.248412 0.248412 0.248412
2930.081299 0.000000 2566.653076 0.000000 0.385220 0.000000 0.922825 0.288729 0.288729 0.288729
2924.027588 0.000000 2564.767090 0.000000 0.893986 0.000000 -0.448094 0.581488 0.581488 0.581488
2927.121826 0.000000 2564.928223 0.000000 0.987384 0.000000 -0.158344 0.528583 0.528583 0.528583
2962.871094 0.000000 2575.961426 0.000000 0.992070 0.000000 -0.125687 0.521551 0.521551 0.521551
2959.884277 0.000000 2563.780762 0.000000 0.188412 0.000000 -0.982090 0.737075 0.737075 0.737075
2968.457520 0.000000 2583.057617 0.000000 0.672044 0.000000 -0.740511 0.637392 0.637392 0.637392
2954.206299 0.000000 2559.694824 0.000000 0.140275 0.000000 -0.990113 0.732956 0.732956 0.732956
2966.632324 0.000000 2572.869141 0.000000 0.972439 0.000000 -0.233157 0.539509 0.539509 0.539509
2961.117432 0.000000 2559.537842 0.000000 0.495344 0.000000 -0.868697 0.675404 0.675404 0.675404
2971.300537 0.000000 2580.144775 0.000000 0.999307 0.000000 0.037215 0.493309 0.493309 0.493309
2950.885010 0.000000 2639.343018 0.000000 0.999700 0.000000 -0.024504 0.504023 0.504023 0.504023
2957.614014 0.000000 2559.541992 0.000000 0.131273 0.000000 0.991346 0.244006 0.244006 0.244006
2963.648438 0.000000 2572.749023 0.000000 0.971489 0.000000 0.237083 0.458618 0.458618 0.458618
2959.398193 0.000000 2561.380371 0.000000 0.876195 0.000000 -0.481957 0.590395 0.590395 0.590395
2969.410645 0.000000 2578.741699 0.000000 0.780410 0.000000 -0.625268 0.617623 0.617623 0.617623
2965.120850 0.000000 2574.433350 0.000000 0.834249 0.000000 -0.551387 0.603157 0.603157 0.603157
2968.820557 0.000000 2580.829346 0.000000 0.454837 0.000000 0.890575 0.302524 0.302524 0.302524
2959.273193 0.000000 2559.792725 0.000000 0.100749 0.000000 -0.994912 0.764212 0.764212 0.764212
2950.348633 0.000000 2642.103271 0.000000 0.428474 0.000000 0.903554 0.302170 0.302170 0.302170
2953.961182 0.000000 2675.715576 0.000000 0.044611 0.000000 -0.999004 0.759091 0.759091 0.759091
2953.333008 0.000000 2643.168457 0.000000 0.850715 0.000000 0.525627 0.408807 0.408807 0.408807
2950.733154 0.000000 2675.527100 0.000000 0.678296 0.000000 -0.734788 0.645783 0.645783 0.645783
2951.951172 0.000000 2640.322510 0.000000 0.647640 0.000000 0.761946 0.344279 0.344279 0.344279
2948.139893 0.000000 2642.272217 0.000000 0.835603 0.000000 0.549334 0.400907 0.400907 0.400907
2951.547363 0.000000 2643.714844 0.000000 0.999816 0.000000 -0.019198 0.503367 0.503367 0.503367
3007.608154 0.000000 2702.617676 0.000000 0.957969 0.000000 -0.286871 0.551392 0.551392 0.551392
2950.108398 0.000000 2677.179443 0.000000 0.927031 0.000000 -0.374985 0.569093 0.569093 0.569093
2950.097656 0.000000 2640.234375 0.000000 0.370577 0.000000 0.928802 0.285886 0.285886 0.285886
3004.310303 0.000000 2704.380371 0.000000 0.648465 0.000000 -0.761244 0.655526 0.655526 0.655526
3007.016113 0.000000 2704.593994 0.000000 0.135017 0.000000 -0.990843 0.758009 0.758009 0.758009
3045.318115 0.000000 2689.495850 0.000000 0.978361 0.000000 0.206907 0.465920 0.465920 0.465920
3041.241943 0.000000 2693.711426 0.000000 0.239675 0.000000 0.970853 0.268616 0.268616 0.268616
3042.322266 0.000000 2688.137451 0.000000 0.685233 0.000000 0.728324 0.358438 0.358438 0.358438
3042.541748 0.000000 2691.063721 0.000000 0.995317 0.000000 -0.096660 0.517402 0.517402 0.517402
3043.156250 0.000000 2693.152344 0.000000 0.885531 0.000000 -0.464580 0.584436 0.584436 0.584436
3041.081299 0.000000 2691.962891 0.000000 0.677142 0.000000 -0.735853 0.648641 0.648641 0.648641
2996.869629 0.000000 2725.230469 0.000000 0.664651 0.000000 0.747154 0.358864 0.358864 0.358864
3006.354248 0.000000 2772.386230 0.000000 0.751910 0.000000 0.659266 0.377796 0.377796 0.377796
2996.629883 0.000000 2722.736328 0.000000 0.741598 0.000000 0.670844 0.369197 0.369197 0.369197
2998.013184 0.000000 2723.769043 0.000000 0.585427 0.000000 0.810725 0.330065 0.330065 0.330065
3045.314941 0.000000 2790.590332 0.000000 0.821571 0.000000 0.570107 0.390956 0.390956 0.390956
3065.507324 0.000000 2731.302002 0.000000 0.354066 0.000000 -0.935220 0.712771 0.712771 0.712771
3040.458984 0.000000 2745.340088 0.000000 0.999357 0.000000 0.035859 0.493642 0.493642 0.493642
3056.361572 0.000000 2730.690674 0.000000 0.989054 0.000000 0.147554 0.475968 0.475968 0.475968
3044.875000 0.000000 2799.445312 0.000000 0.937109 0.000000 0.349036 0.442142 0.442142 0.442142
3019.730469 0.000000 2771.827637 0.000000 0.618818 0.000000 -0.785534 0.646626 0.646626 0.646626
3071.109375 0.000000 2734.176758 0.000000 0.320008 0.000000 0.947415 0.278530 0.278530 0.278530
3068.781006 0.000000 2726.806396 0.000000 0.818022 0.000000 -0.575188 0.603273 0.603273 0.603273
3069.395264 0.000000 2775.308838 0.000000 0.329665 0.000000 -0.944098 0.707322 0.707322 0.707322
3042.427490 0.000000 2795.195801 0.000000 0.904812 0.000000 0.425811 0.422308 0.422308 0.422308
3056.277100 0.000000 2726.062256 0.000000 0.965469 0.000000 -0.260517 0.543427 0.543427 0.543427
3060.665283 0.000000 2731.396484 0.000000 0.942642 0.000000 0.333807 0.432026 0.432026 0.432026
3010.217773 0.000000 2774.239746 0.000000 0.757232 0.000000 0.653146 0.373842 0.373842 0.373842
3064.670898 0.000000 2726.858643 0.000000 0.922629 0.000000 -0.385688 0.568455 0.568455 0.568455
3069.222656 0.000000 2730.894043 0.000000 0.936631 0.000000 0.350318 0.437229 0.437229 0.437229
3067.567139 0.000000 2734.670898 0.000000 0.995751 0.000000 -0.092092 0.515714 0.515714 0.515714
3058.975586 0.000000 2728.232422 0.000000 0.999683 0.000000 -0.025185 0.504606 0.504606 0.504606
3016.480957 0.000000 2773.413086 0.000000 0.629124 0.000000 -0.777305 0.650598 0.650598 0.650598
3062.252441 0.000000 2728.815918 0.000000 0.666115 0.000000 0.745849 0.352362 0.352362 0.352362
3039.200195 0.000000 2742.539307 0.000000 0.558591 0.000000 0.829443 0.327846 0.327846 0.327846
3011.070068 0.000000 2778.955811 0.000000 0.194073 0.000000 0.980987 0.263057 0.263057 0.263057
3044.485352 0.000000 2793.284912 0.000000 0.817938 0.000000 0.575306 0.389816 0.389816 0.389816
3042.360596 0.000000 2798.012695 0.000000 0.646809 0.000000 0.762652 0.344624 0.344624 0.344624
3066.964355 0.000000 2728.970703 0.000000 0.306082 0.000000 0.952005 0.273563 0.273563 0.273563
3013.175049 0.000000 2774.490234 0.000000 0.909653 0.000000 -0.415369 0.574323 0.574323 0.574323
3070.025635 0.000000 2777.978027 0.000000 0.278091 0.000000 -0.960555 0.731698 0.731698 0.731698
3063.149902 0.000000 2732.535156 0.000000 0.998171 0.000000 0.060454 0.489769 0.489769 0.489769
3007.659668 0.000000 2773.839600 0.000000 0.752231 0.000000 0.658899 0.377879 0.377879 0.377879
3015.781982 0.000000 2775.864258 0.000000 0.455852 0.000000 -0.890055 0.697271 0.697271 0.697271
3010.456787 0.000000 2776.621094 0.000000 0.624041 0.000000 0.781392 0.338782 0.338782 0.338782
3064.578857 0.000000 2729.195557 0.000000 0.770479 0.000000 0.637465 0.375755 0.375755 0.375755
3069.160156 0.000000 2733.143799 0.000000 0.705035 0.000000 -0.709172 0.641702 0.641702 0.641702
3021.114746 0.000000 2770.131348 0.000000 0.024763 0.000000 -0.999693 0.775972 0.775972 0.775972
3071.438965 0.000000 2776.029785 0.000000 0.986926 0.000000 -0.161175 0.529098 0.529098 0.529098
3008.416748 0.000000 2775.854248 0.000000 0.895234 0.000000 -0.445597 0.583305 0.583305 0.583305
3058.286621 0.000000 2731.632568 0.000000 0.088460 0.000000 -0.996080 0.777533 0.777533 0.777533
3023.680420 0.000000 2797.840088 0.000000 0.784169 0.000000 -0.620548 0.615319 0.615319 0.615319
3069.491943 0.000000 2735.466553 0.000000 0.723685 0.000000 0.690131 0.363089 0.363089 0.363089
3038.533691 0.000000 2744.519775 0.000000 0.689615 0.000000 0.724176 0.354430 0.354430 0.354430
3067.438477 0.000000 2732.018311 0.000000 0.269094 0.000000 -0.963114 0.733379 0.733379 0.733379
3066.821289 0.000000 2726.389160 0.000000 0.441345 0.000000 -0.897337 0.698799 0.698799 0.698799
3060.731934 0.000000 2727.314453 0.000000 0.061229 0.000000 0.998124 0.239024 0.239024 0.239024
3008.854492 0.000000 2772.240479 0.000000 0.641313 0.000000 0.767280 0.344429 0.344429 0.344429
3043.562012 0.000000 2791.485107 0.000000 0.040166 0.000000 0.999193 0.225824 0.225824 0.225824
3041.022461 0.000000 2743.510010 0.000000 0.474075 0.000000 0.880484 0.313150 0.313150 0.313150
3063.266113 0.000000 2730.583008 0.000000 0.680110 0.000000 -0.733110 0.647915 0.647915 0.647915
3059.345215 0.000000 2730.066162 0.000000 0.054247 0.000000 0.998528 0.216045 0.216045 0.216045
3059.570557 0.000000 2733.073242 0.000000 0.138241 0.000000 -0.990399 0.760106 0.760106 0.760106
3040.652588 0.000000 2798.777344 0.000000 0.448079 0.000000 -0.893994 0.701599 0.701599 0.701599
3058.065674 0.000000 2726.621826 0.000000 0.986225 0.000000 0.165411 0.470337 0.470337 0.470337
3012.545166 0.000000 2779.943848 0.000000 0.957208 0.000000 0.289402 0.448691 0.448691 0.448691
3011.607178 0.000000 2775.258545 0.000000 0.638384 0.000000 -0.769718 0.655701 0.655701 0.655701
3042.660645 0.000000 2793.370117 0.000000 0.966976 0.000000 0.254867 0.453676 0.453676 0.453676
3022.093506 0.000000 2798.665527 0.000000 0.568111 0.000000 0.822952 0.327461 0.327461 0.327461
3025.249756 0.000000 2798.627686 0.000000 0.837789 0.000000 -0.545994 0.603820 0.603820 0.603820
3012.027100 0.000000 2777.642822 0.000000 0.507246 0.000000 0.861801 0.304195 0.304195 0.304195
3060.932617 0.000000 2729.824707 0.000000 0.977561 0.000000 -0.210653 0.539078 0.539078 0.539078
3067.635498 0.000000 2730.444092 0.000000 0.501184 0.000000 -0.865341 0.689948 0.689948 0.689948
3070.929443 0.000000 2774.330078 0.000000 0.918044 0.000000 -0.396479 0.573281 0.573281 0.573281
3014.195068 0.000000 2775.751221 0.000000 0.889706 0.000000 0.456534 0.414781 0.414781 0.414781
3065.705811 0.000000 2728.051270 0.000000 0.595969 0.000000 0.803008 0.332413 0.332413 0.332413
3061.498291 0.000000 2732.588623 0.000000 0.827634 0.000000 0.561269 0.386560 0.386560 0.386560
3012.813477 0.000000 2776.008789 0.000000 0.745025 0.000000 -0.667037 0.637640 0.637640 0.637640
3061.943359 0.000000 2730.941406 0.000000 0.995172 0.000000 -0.098143 0.519633 0.519633 0.519633
3040.458984 0.000000 2825.324463 0.000000 0.933638 0.000000 -0.358217 0.558765 0.558765 0.558765
3044.663086 0.000000 2804.769287 0.000000 0.770987 0.000000 -0.636850 0.618069 0.618069 0.618069
3041.210449 0.000000 2800.997314 0.000000 0.820796 0.000000 0.571221 0.385779 0.385779 0.385779
3045.309326 0.000000 2824.167725 0.000000 0.485995 0.000000 -0.873962 0.687811 0.687811 0.687811
3025.109619 0.000000 2799.490967 0.000000 0.885563 0.000000 0.464519 0.413164 0.413164 0.413164
3042.295166 0.000000 2821.829102 0.000000 0.917724 0.000000 -0.397219 0.567817 0.567817 0.567817
3045.630615 0.000000 2801.512695 0.000000 0.804449 0.000000 0.594022 0.390830 0.390830 0.390830
3041.011963 0.000000 2804.665039 0.000000 0.554734 0.000000 0.832028 0.336230 0.336230 0.336230
3038.954346 0.000000 2799.563965 0.000000 0.209721 0.000000 -0.977761 0.732494 0.732494 0.732494
3043.138428 0.000000 2802.643799 0.000000 0.996055 0.000000 0.088739 0.484028 0.484028 0.484028
3042.778076 0.000000 2824.426025 0.000000 0.967140 0.000000 0.254246 0.454273 0.454273 0.454273
3043.621338 0.000000 2800.408936 0.000000 0.289814 0.000000 -0.957083 0.744641 0.744641 0.744641
3042.836670 0.000000 2805.765625 0.000000 0.917340 0.000000 -0.398106 0.573088 0.573088 0.573088
3042.127686 0.000000 2799.603516 0.000000 0.055128 0.000000 -0.998479 0.771493 0.771493 0.771493
3042.068848 0.000000 2825.918457 0.000000 0.033784 0.000000 0.999429 0.226599 0.226599 0.226599
3043.460205 0.000000 2822.968750 0.000000 0.737010 0.000000 0.675882 0.366596 0.366596 0.366596
3040.492432 0.000000 2799.573486 0.000000 0.999856 0.000000 -0.016943 0.503088 0.503088 0.503088
3042.583496 0.000000 2801.361572 0.000000 0.984462 0.000000 0.175597 0.466178 0.466178 0.466178
2797.564697 0.000000 3080.566650 0.000000 0.590956 0.000000 0.806704 0.349453 0.349453 0.349453
2812.192627 0.000000 3100.209229 0.000000 0.252850 0.000000 -0.967505 0.716704 0.716704 0.716704
2784.107910 0.000000 3079.347412 0.000000 0.197162 0.000000 0.980371 0.279017 0.279017 0.279017
2765.252686 0.000000 3079.571777 0.000000 0.779288 0.000000 -0.626666 0.612440 0.612440 0.612440
2763.055908 0.000000 3068.354248 0.000000 0.999999 0.000000 0.001625 0.499738 0.499738 0.499738
2794.316650 0.000000 3077.678955 0.000000 0.748642 0.000000 -0.662974 0.618067 0.618067 0.618067
2805.000488 0.000000 3072.477783 0.000000 0.749722 0.000000 -0.661753 0.617350 0.617350 0.617350
2801.186523 0.000000 3079.526611 0.000000 0.999714 0.000000 -0.023932 0.504123 0.504123 0.504123
2774.298828 0.000000 3075.153809 0.000000 0.867141 0.000000 0.498063 0.414419 0.414419 0.414419
2813.658447 0.000000 3103.284668 0.000000 0.999813 0.000000 0.019343 0.496704 0.496704 0.496704
2808.923828 0.000000 3090.351074 0.000000 0.640541 0.000000 0.767924 0.349715 0.349715 0.349715
2801.207031 0.000000 3085.951416 0.000000 0.291304 0.000000 0.956631 0.289086 0.289086 0.289086
2755.463379 0.000000 3066.506592 0.000000 0.872001 0.000000 -0.489503 0.586519 0.586519 0.586519
2808.071045 0.000000 3094.705322 0.000000 0.955173 0.000000 -0.296048 0.551023 0.551023 0.551023
2799.106445 0.000000 3078.808350 0.000000 0.805765 0.000000 -0.592235 0.609580 0.609580 0.609580
2785.201660 0.000000 3077.640869 0.000000 0.853309 0.000000 -0.521406 0.595512 0.595512 0.595512
2768.487061 0.000000 3075.000244 0.000000 0.726630 0.000000 -0.687029 0.638506 0.638506 0.638506
2759.350586 0.000000 3068.293213 0.000000 0.674131 0.000000 -0.738612 0.647300 0.647300 0.647300
2766.485840 0.000000 3078.171143 0.000000 0.772331 0.000000 -0.635220 0.630595 0.630595 0.630595
2766.785156 0.000000 3080.536133 0.000000 0.634430 0.000000 0.772980 0.342839 0.342839 0.342839
2760.106934 0.000000 3070.838623 0.000000 0.859156 0.000000 -0.511713 0.600582 0.600582 0.600582
2768.266846 0.000000 3077.612305 0.000000 0.834972 0.000000 -0.550293 0.605835 0.605835 0.605835
3086.697510 0.000000 2744.384766 0.000000 0.972993 0.000000 0.230833 0.459438 0.459438 0.459438
3071.993896 0.000000 2740.333740 0.000000 0.905204 0.000000 -0.424978 0.570955 0.570955 0.570955
3085.418457 0.000000 2730.556641 0.000000 0.463654 0.000000 0.886016 0.319257 0.319257 0.319257
3075.811523 0.000000 2764.587891 0.000000 0.958696 0.000000 0.284434 0.453197 0.453197 0.453197
3072.223145 0.000000 2778.058105 0.000000 0.129669 0.000000 -0.991557 0.732901 0.732901 0.732901
3077.882812 0.000000 2741.773193 0.000000 0.276701 0.000000 0.960956 0.268042 0.268042 0.268042
3083.016846 0.000000 2748.416748 0.000000 0.558491 0.000000 -0.829511 0.675838 0.675838 0.675838
3081.724365 0.000000 2744.094971 0.000000 0.996772 0.000000 -0.080279 0.514345 0.514345 0.514345
3077.584473 0.000000 2737.396484 0.000000 0.805294 0.000000 0.592876 0.392659 0.392659 0.392659
3079.254150 0.000000 2767.062012 0.000000 0.997312 0.000000 -0.073276 0.512817 0.512817 0.512817
3082.342041 0.000000 2733.496826 0.000000 0.980848 0.000000 -0.194776 0.535236 0.535236 0.535236
3084.380859 0.000000 2741.613037 0.000000 0.804584 0.000000 0.593839 0.388885 0.388885 0.388885
3086.251221 0.000000 2747.838135 0.000000 0.008611 0.000000 0.999963 0.227970 0.227970 0.227970
3075.207520 0.000000 2739.861816 0.000000 0.663207 0.000000 0.748436 0.350623 0.350623 0.350623
3080.561279 0.000000 2736.143799 0.000000 0.074002 0.000000 0.997258 0.243105 0.243105 0.243105
3085.055176 0.000000 2750.633057 0.000000 0.398537 0.000000 -0.917152 0.695627 0.695627 0.695627
3084.179932 0.000000 2745.807373 0.000000 0.123104 0.000000 0.992394 0.239831 0.239831 0.239831
3080.594238 0.000000 2746.950439 0.000000 0.275148 0.000000 0.961402 0.266945 0.266945 0.266945
3085.283936 0.000000 2737.721680 0.000000 0.993108 0.000000 -0.117200 0.521115 0.521115 0.521115
3083.272461 0.000000 2735.903320 0.000000 0.908490 0.000000 0.417906 0.422502 0.422502 0.422502
3087.848145 0.000000 2742.079590 0.000000 0.731633 0.000000 0.681699 0.373130 0.373130 0.373130
3079.844727 0.000000 2738.738037 0.000000 0.994744 0.000000 0.102395 0.481562 0.481562 0.481562
3079.126221 0.000000 2744.795898 0.000000 0.389369 0.000000 0.921082 0.297576 0.297576 0.297576
3078.308594 0.000000 2764.752930 0.000000 0.842354 0.000000 -0.538925 0.595913 0.595913 0.595913
3084.951172 0.000000 2732.956787 0.000000 0.988813 0.000000 0.149163 0.474022 0.474022 0.474022
3076.925049 0.000000 2766.581543 0.000000 0.074317 0.000000 -0.997235 0.768982 0.768982 0.768982
3082.613037 0.000000 2731.209961 0.000000 0.442702 0.000000 -0.896669 0.699917 0.699917 0.699917
3080.528076 0.000000 2732.180664 0.000000 0.879457 0.000000 0.475978 0.414235 0.414235 0.414235
3071.740967 0.000000 2733.924316 0.000000 0.593084 0.000000 0.805141 0.336441 0.336441 0.336441
3077.867432 0.000000 2739.611328 0.000000 0.896084 0.000000 0.443884 0.417327 0.417327 0.417327
3072.408936 0.000000 2775.854248 0.000000 0.632125 0.000000 0.774867 0.342863 0.342863 0.342863
3083.829102 0.000000 2743.767334 0.000000 0.046484 0.000000 0.998919 0.238373 0.238373 0.238373
3087.372803 0.000000 2746.224609 0.000000 0.802923 0.000000 -0.596083 0.611205 0.611205 0.611205
3073.420410 0.000000 2739.054443 0.000000 0.498998 0.000000 -0.866603 0.688443 0.688443 0.688443
3082.294434 0.000000 2746.162109 0.000000 0.233894 0.000000 0.972262 0.261749 0.261749 0.261749
3085.544189 0.000000 2742.953125 0.000000 0.540278 0.000000 -0.841487 0.679757 0.679757 0.679757
3084.534668 0.000000 2747.604492 0.000000 0.991617 0.000000 0.129210 0.476709 0.476709 0.476709
3083.882080 0.000000 2734.267578 0.000000 0.576712 0.000000 -0.816947 0.671860 0.671860 0.671860
3076.476318 0.000000 2738.673584 0.000000 0.933879 0.000000 -0.357590 0.565732 0.565732 0.565732
3073.738037 0.000000 2740.656250 0.000000 0.999661 0.000000 -0.026050 0.504683 0.504683 0.504683
3078.892578 0.000000 2736.301025 0.000000 0.864102 0.000000 -0.503317 0.594149 0.594149 0.594149
3076.495850 0.000000 2740.858643 0.000000 0.972931 0.000000 0.231095 0.458081 0.458081 0.458081
3085.799561 0.000000 2745.760254 0.000000 0.122804 0.000000 0.992431 0.239777 0.239777 0.239777
3084.458252 0.000000 2749.186035 0.000000 0.869469 0.000000 0.493988 0.407128 0.407128 0.407128
"}
