object={
	name="tree_emperorparasol_01_generator_1_0"
	clamp_to_water_level=no
	render_under_water=no
	generated_content=yes
	layer="tree_high_layer"
	pdxmesh="tree_emperorparasol_01_a_mesh"
	count=235
	transform="4054.352051 0.000000 3231.296143 0.000000 0.662055 0.000000 0.749455 1.000000 1.000000 1.000000
4089.382324 0.000000 3211.208252 0.000000 0.951320 0.000000 0.308206 1.000000 1.000000 1.000000
4091.894043 0.000000 3250.355225 0.000000 0.159187 0.000000 0.987249 1.000000 1.000000 1.000000
4067.173096 0.000000 3245.039307 0.000000 0.881469 0.000000 0.472243 1.000000 1.000000 1.000000
4066.222168 0.000000 3263.046631 0.000000 0.969624 0.000000 0.244602 1.000000 1.000000 1.000000
4090.848633 0.000000 3218.134033 0.000000 0.163019 0.000000 -0.986623 1.000000 1.000000 1.000000
4059.253662 0.000000 3227.896973 0.000000 0.246989 0.000000 -0.969018 1.000000 1.000000 1.000000
4077.995361 0.000000 3245.924316 0.000000 0.929363 0.000000 0.369166 1.000000 1.000000 1.000000
4063.004883 0.000000 3259.288818 0.000000 0.999281 0.000000 -0.037918 1.000000 1.000000 1.000000
4069.670166 0.000000 3243.422363 0.000000 0.564470 0.000000 0.825453 1.000000 1.000000 1.000000
4062.097900 0.000000 3335.697266 0.000000 0.416756 0.000000 -0.909018 1.000000 1.000000 1.000000
4085.826904 0.000000 3345.110107 0.000000 0.964834 0.000000 0.262858 1.000000 1.000000 1.000000
4087.682617 0.000000 3326.562500 0.000000 0.703277 0.000000 0.710916 1.000000 1.000000 1.000000
4077.995361 0.000000 3325.908691 0.000000 0.820945 0.000000 0.571007 1.000000 1.000000 1.000000
4071.542725 0.000000 3311.272949 0.000000 0.969344 0.000000 0.245707 1.000000 1.000000 1.000000
4065.116943 0.000000 3333.586426 0.000000 0.823604 0.000000 -0.567165 1.000000 1.000000 1.000000
4063.040527 0.000000 3345.910645 0.000000 0.190387 0.000000 -0.981709 1.000000 1.000000 1.000000
4063.075195 0.000000 3302.429932 0.000000 0.753478 0.000000 0.657473 1.000000 1.000000 1.000000
4081.050781 0.000000 3325.904541 0.000000 0.845108 0.000000 0.534596 1.000000 1.000000 1.000000
4173.675781 0.000000 2867.947266 0.000000 0.992746 0.000000 -0.120227 1.000000 1.000000 1.000000
4214.694824 0.000000 2852.836182 0.000000 0.547655 0.000000 -0.836704 1.000000 1.000000 1.000000
4210.855957 0.000000 2869.286377 0.000000 0.545012 0.000000 0.838428 1.000000 1.000000 1.000000
4197.177734 0.000000 2849.464600 0.000000 0.586547 0.000000 0.809915 1.000000 1.000000 1.000000
4207.483887 0.000000 2871.810059 0.000000 0.000137 0.000000 1.000000 1.000000 1.000000 1.000000
4216.530273 0.000000 2806.843018 0.000000 0.921215 0.000000 -0.389054 1.000000 1.000000 1.000000
4218.981445 0.000000 2841.345459 0.000000 0.747669 0.000000 -0.664071 1.000000 1.000000 1.000000
4181.470215 0.000000 2876.862061 0.000000 0.289114 0.000000 -0.957295 1.000000 1.000000 1.000000
4214.111816 0.000000 2808.800293 0.000000 0.801870 0.000000 0.597498 1.000000 1.000000 1.000000
4209.766113 0.000000 2866.561523 0.000000 0.966815 0.000000 0.255478 1.000000 1.000000 1.000000
4206.085449 0.000000 2869.178467 0.000000 0.919878 0.000000 -0.392206 1.000000 1.000000 1.000000
4209.036133 0.000000 2850.889160 0.000000 0.985534 0.000000 0.169476 1.000000 1.000000 1.000000
4214.622559 0.000000 2838.760742 0.000000 0.277831 0.000000 0.960630 1.000000 1.000000 1.000000
4246.328613 0.000000 2751.389893 0.000000 0.689798 0.000000 0.724002 1.000000 1.000000 1.000000
4256.310547 0.000000 2745.340088 0.000000 0.944991 0.000000 -0.327096 1.000000 1.000000 1.000000
4284.013184 0.000000 2780.271729 0.000000 0.794899 0.000000 0.606742 1.000000 1.000000 1.000000
4258.198730 0.000000 2783.140381 0.000000 0.669860 0.000000 -0.742487 1.000000 1.000000 1.000000
4264.311035 0.000000 2785.699219 0.000000 0.479946 0.000000 -0.877298 1.000000 1.000000 1.000000
4248.898926 0.000000 2797.315918 0.000000 0.752590 0.000000 -0.658489 1.000000 1.000000 1.000000
4233.015625 0.000000 2781.008301 0.000000 0.991253 0.000000 -0.131974 1.000000 1.000000 1.000000
4240.078125 0.000000 2774.313965 0.000000 0.067381 0.000000 0.997727 1.000000 1.000000 1.000000
4271.944336 0.000000 2797.732910 0.000000 0.738455 0.000000 -0.674303 1.000000 1.000000 1.000000
4239.180664 0.000000 2762.309082 0.000000 0.756862 0.000000 0.653575 1.000000 1.000000 1.000000
4273.174805 0.000000 2754.294434 0.000000 0.193496 0.000000 -0.981101 1.000000 1.000000 1.000000
4249.091309 0.000000 2750.204834 0.000000 0.787288 0.000000 0.616585 1.000000 1.000000 1.000000
4286.105957 0.000000 2786.328857 0.000000 0.913382 0.000000 -0.407105 1.000000 1.000000 1.000000
4266.854492 0.000000 2766.325195 0.000000 0.074045 0.000000 -0.997255 1.000000 1.000000 1.000000
4274.522461 0.000000 2752.418457 0.000000 0.892259 0.000000 -0.451525 1.000000 1.000000 1.000000
4293.628418 0.000000 2747.247803 0.000000 0.999348 0.000000 -0.036104 1.000000 1.000000 1.000000
4325.158691 0.000000 2790.590332 0.000000 0.365204 0.000000 -0.930928 1.000000 1.000000 1.000000
4315.289062 0.000000 2763.584961 0.000000 0.692036 0.000000 0.721863 1.000000 1.000000 1.000000
4293.448242 0.000000 2777.206299 0.000000 0.949762 0.000000 0.312974 1.000000 1.000000 1.000000
4293.053711 0.000000 2752.871582 0.000000 0.729814 0.000000 -0.683646 1.000000 1.000000 1.000000
4299.546387 0.000000 2792.298096 0.000000 0.410800 0.000000 -0.911726 1.000000 1.000000 1.000000
4326.950195 0.000000 2795.027588 0.000000 0.652849 0.000000 -0.757488 1.000000 1.000000 1.000000
4290.006836 0.000000 2748.579346 0.000000 0.634051 0.000000 0.773291 1.000000 1.000000 1.000000
4315.422852 0.000000 2760.050049 0.000000 0.967661 0.000000 0.252253 1.000000 1.000000 1.000000
4300.284180 0.000000 2756.892578 0.000000 0.252701 0.000000 0.967544 1.000000 1.000000 1.000000
4301.806152 0.000000 2790.629395 0.000000 0.706767 0.000000 0.707447 1.000000 1.000000 1.000000
4291.310059 0.000000 2791.784668 0.000000 0.512120 0.000000 -0.858914 1.000000 1.000000 1.000000
4231.712402 0.000000 2805.893311 0.000000 0.765408 0.000000 0.643546 1.000000 1.000000 1.000000
4244.254395 0.000000 2864.674561 0.000000 0.359915 0.000000 0.932985 1.000000 1.000000 1.000000
4249.588867 0.000000 2816.215820 0.000000 0.516395 0.000000 -0.856351 1.000000 1.000000 1.000000
4267.047852 0.000000 2806.360596 0.000000 0.916351 0.000000 -0.400375 1.000000 1.000000 1.000000
4277.187012 0.000000 2799.508545 0.000000 0.698073 0.000000 -0.716026 1.000000 1.000000 1.000000
4243.637207 0.000000 2821.110596 0.000000 0.997500 0.000000 0.070660 1.000000 1.000000 1.000000
4246.476074 0.000000 2812.822266 0.000000 0.299000 0.000000 -0.954253 1.000000 1.000000 1.000000
4240.086914 0.000000 2871.870361 0.000000 0.402889 0.000000 -0.915249 1.000000 1.000000 1.000000
4280.522461 0.000000 2806.843018 0.000000 0.992796 0.000000 0.119819 1.000000 1.000000 1.000000
4230.192383 0.000000 2802.072021 0.000000 0.707160 0.000000 0.707054 1.000000 1.000000 1.000000
4274.011230 0.000000 2802.172607 0.000000 0.281147 0.000000 -0.959665 1.000000 1.000000 1.000000
4236.400879 0.000000 2847.910400 0.000000 0.813505 0.000000 -0.581557 1.000000 1.000000 1.000000
4236.231445 0.000000 2802.649170 0.000000 0.137675 0.000000 0.990477 1.000000 1.000000 1.000000
4279.289551 0.000000 2802.581055 0.000000 0.972598 0.000000 -0.232492 1.000000 1.000000 1.000000
4285.853516 0.000000 2800.337402 0.000000 0.913536 0.000000 -0.406758 1.000000 1.000000 1.000000
4245.105469 0.000000 2866.949951 0.000000 0.989478 0.000000 -0.144680 1.000000 1.000000 1.000000
4243.738281 0.000000 2875.547852 0.000000 0.826824 0.000000 0.562460 1.000000 1.000000 1.000000
4225.279785 0.000000 2819.038818 0.000000 0.518047 0.000000 -0.855352 1.000000 1.000000 1.000000
4240.173828 0.000000 2843.853271 0.000000 0.536131 0.000000 0.844135 1.000000 1.000000 1.000000
4243.834473 0.000000 2877.255127 0.000000 0.554935 0.000000 0.831894 1.000000 1.000000 1.000000
4301.270020 0.000000 2810.541016 0.000000 0.928620 0.000000 -0.371033 1.000000 1.000000 1.000000
4301.436035 0.000000 2808.199951 0.000000 0.288815 0.000000 -0.957385 1.000000 1.000000 1.000000
4192.056641 0.000000 2893.662842 0.000000 0.814344 0.000000 0.580382 1.000000 1.000000 1.000000
4181.258789 0.000000 2879.993652 0.000000 0.329606 0.000000 0.944118 1.000000 1.000000 1.000000
4207.451660 0.000000 2904.591064 0.000000 0.779622 0.000000 -0.626250 1.000000 1.000000 1.000000
4214.694824 0.000000 2932.820557 0.000000 0.308296 0.000000 0.951291 1.000000 1.000000 1.000000
4208.136719 0.000000 2886.031006 0.000000 0.349085 0.000000 -0.937091 1.000000 1.000000 1.000000
4218.171387 0.000000 2944.149414 0.000000 0.743516 0.000000 0.668719 1.000000 1.000000 1.000000
4219.285645 0.000000 2957.969727 0.000000 0.117888 0.000000 0.993027 1.000000 1.000000 1.000000
4209.765625 0.000000 2907.472412 0.000000 0.105500 0.000000 -0.994419 1.000000 1.000000 1.000000
4216.385742 0.000000 2909.305908 0.000000 0.266298 0.000000 0.963891 1.000000 1.000000 1.000000
4187.859375 0.000000 2957.689941 0.000000 0.279306 0.000000 -0.960202 1.000000 1.000000 1.000000
4216.108887 0.000000 2956.123535 0.000000 0.985363 0.000000 0.170467 1.000000 1.000000 1.000000
4206.897461 0.000000 2907.186523 0.000000 0.385042 0.000000 0.922899 1.000000 1.000000 1.000000
4192.976074 0.000000 2891.316895 0.000000 0.673899 0.000000 0.738824 1.000000 1.000000 1.000000
4216.612793 0.000000 2932.370850 0.000000 0.183469 0.000000 -0.983025 1.000000 1.000000 1.000000
4217.366699 0.000000 2971.255127 0.000000 0.993590 0.000000 0.113045 1.000000 1.000000 1.000000
4189.332031 0.000000 3034.338623 0.000000 0.981975 0.000000 0.189012 1.000000 1.000000 1.000000
4190.122559 0.000000 2993.073242 0.000000 0.924657 0.000000 -0.380802 1.000000 1.000000 1.000000
4191.647461 0.000000 3009.925781 0.000000 0.031402 0.000000 -0.999507 1.000000 1.000000 1.000000
4191.728027 0.000000 3029.244629 0.000000 0.998247 0.000000 -0.059193 1.000000 1.000000 1.000000
4213.194824 0.000000 2959.477295 0.000000 0.611113 0.000000 -0.791543 1.000000 1.000000 1.000000
4184.822754 0.000000 3030.322266 0.000000 0.951927 0.000000 -0.306326 1.000000 1.000000 1.000000
4177.936035 0.000000 3036.864990 0.000000 0.588112 0.000000 -0.808779 1.000000 1.000000 1.000000
4216.530273 0.000000 2966.811768 0.000000 0.000130 0.000000 -1.000000 1.000000 1.000000 1.000000
4188.344727 0.000000 2983.927246 0.000000 0.454909 0.000000 -0.890538 1.000000 1.000000 1.000000
4188.901367 0.000000 3012.333984 0.000000 0.103650 0.000000 -0.994614 1.000000 1.000000 1.000000
4191.024902 0.000000 3025.973145 0.000000 0.945190 0.000000 0.326520 1.000000 1.000000 1.000000
4218.140625 0.000000 2964.285889 0.000000 0.956466 0.000000 -0.291844 1.000000 1.000000 1.000000
4192.976074 0.000000 2971.301270 0.000000 0.466576 0.000000 0.884481 1.000000 1.000000 1.000000
4217.630371 0.000000 2973.423584 0.000000 0.996207 0.000000 -0.087014 1.000000 1.000000 1.000000
4188.788574 0.000000 3005.101807 0.000000 0.342914 0.000000 0.939367 1.000000 1.000000 1.000000
4184.705078 0.000000 3032.186279 0.000000 0.764879 0.000000 -0.644174 1.000000 1.000000 1.000000
4190.871582 0.000000 2975.080811 0.000000 0.982312 0.000000 0.187254 1.000000 1.000000 1.000000
4194.774902 0.000000 2999.796875 0.000000 0.999517 0.000000 -0.031066 1.000000 1.000000 1.000000
4242.714844 0.000000 2895.898926 0.000000 0.567965 0.000000 -0.823052 1.000000 1.000000 1.000000
4229.061523 0.000000 2912.840332 0.000000 0.754878 0.000000 -0.655865 1.000000 1.000000 1.000000
4227.254395 0.000000 2885.428223 0.000000 0.581085 0.000000 -0.813843 1.000000 1.000000 1.000000
4240.961426 0.000000 2879.475342 0.000000 0.806414 0.000000 0.591351 1.000000 1.000000 1.000000
4230.519043 0.000000 2910.087402 0.000000 0.003789 0.000000 0.999993 1.000000 1.000000 1.000000
4243.492188 0.000000 2892.686523 0.000000 0.121480 0.000000 0.992594 1.000000 1.000000 1.000000
4247.110352 0.000000 2885.476807 0.000000 0.844921 0.000000 0.534891 1.000000 1.000000 1.000000
4244.400391 0.000000 2922.885742 0.000000 0.780724 0.000000 -0.624876 1.000000 1.000000 1.000000
4226.297363 0.000000 2887.614258 0.000000 0.289167 0.000000 -0.957279 1.000000 1.000000 1.000000
4242.696289 0.000000 2919.104492 0.000000 0.969692 0.000000 -0.244332 1.000000 1.000000 1.000000
4123.312500 0.000000 3083.522461 0.000000 0.824020 0.000000 0.566561 1.000000 1.000000 1.000000
4139.050293 0.000000 3073.442871 0.000000 0.038766 0.000000 0.999248 1.000000 1.000000 1.000000
4135.611816 0.000000 3081.307129 0.000000 0.999560 0.000000 -0.029648 1.000000 1.000000 1.000000
4151.305176 0.000000 3042.534180 0.000000 0.404537 0.000000 -0.914522 1.000000 1.000000 1.000000
4159.403320 0.000000 3086.781982 0.000000 0.556610 0.000000 -0.830774 1.000000 1.000000 1.000000
4135.172852 0.000000 3078.404297 0.000000 0.985346 0.000000 -0.170566 1.000000 1.000000 1.000000
4148.206543 0.000000 3060.145752 0.000000 0.942694 0.000000 -0.333659 1.000000 1.000000 1.000000
4137.132812 0.000000 3102.512207 0.000000 0.869334 0.000000 -0.494224 1.000000 1.000000 1.000000
4135.608398 0.000000 3088.384521 0.000000 0.273249 0.000000 0.961943 1.000000 1.000000 1.000000
4158.664062 0.000000 3079.218994 0.000000 0.735242 0.000000 0.677805 1.000000 1.000000 1.000000
4156.584473 0.000000 3062.634766 0.000000 0.081626 0.000000 -0.996663 1.000000 1.000000 1.000000
4148.603027 0.000000 3058.075684 0.000000 0.208359 0.000000 -0.978052 1.000000 1.000000 1.000000
4134.870117 0.000000 3106.774414 0.000000 0.995094 0.000000 0.098931 1.000000 1.000000 1.000000
4153.502930 0.000000 3076.480957 0.000000 0.981287 0.000000 0.192551 1.000000 1.000000 1.000000
4146.683105 0.000000 3086.854492 0.000000 0.687897 0.000000 -0.725808 1.000000 1.000000 1.000000
4145.264648 0.000000 3087.644043 0.000000 0.876620 0.000000 -0.481184 1.000000 1.000000 1.000000
4134.727539 0.000000 3087.093262 0.000000 0.312632 0.000000 0.949874 1.000000 1.000000 1.000000
4159.860840 0.000000 3060.271240 0.000000 0.986715 0.000000 -0.162459 1.000000 1.000000 1.000000
4196.734375 0.000000 3119.382812 0.000000 0.661348 0.000000 0.750079 1.000000 1.000000 1.000000
4195.562500 0.000000 3070.240723 0.000000 0.800175 0.000000 0.599767 1.000000 1.000000 1.000000
4170.884277 0.000000 3068.354248 0.000000 0.095105 0.000000 0.995467 1.000000 1.000000 1.000000
4180.416992 0.000000 3045.019531 0.000000 0.932333 0.000000 0.361602 1.000000 1.000000 1.000000
4197.168945 0.000000 3064.120850 0.000000 0.999472 0.000000 -0.032503 1.000000 1.000000 1.000000
4200.927734 0.000000 3056.640137 0.000000 0.910837 0.000000 -0.412767 1.000000 1.000000 1.000000
4197.995117 0.000000 3097.370361 0.000000 0.232048 0.000000 -0.972704 1.000000 1.000000 1.000000
4160.246582 0.000000 3117.445312 0.000000 0.565388 0.000000 -0.824825 1.000000 1.000000 1.000000
4173.465332 0.000000 3039.448242 0.000000 0.846684 0.000000 -0.532097 1.000000 1.000000 1.000000
4203.529297 0.000000 3106.505859 0.000000 0.242990 0.000000 -0.970029 1.000000 1.000000 1.000000
4190.183594 0.000000 3082.071533 0.000000 0.981576 0.000000 0.191070 1.000000 1.000000 1.000000
4168.428711 0.000000 3056.081299 0.000000 0.799148 0.000000 0.601135 1.000000 1.000000 1.000000
4193.116699 0.000000 3082.885742 0.000000 0.931858 0.000000 0.362822 1.000000 1.000000 1.000000
4183.118164 0.000000 3045.445557 0.000000 0.054839 0.000000 -0.998495 1.000000 1.000000 1.000000
4161.868652 0.000000 3115.359375 0.000000 0.051619 0.000000 0.998667 1.000000 1.000000 1.000000
4198.932129 0.000000 3117.653564 0.000000 0.998246 0.000000 0.059195 1.000000 1.000000 1.000000
4204.192383 0.000000 3075.825684 0.000000 0.442974 0.000000 0.896535 1.000000 1.000000 1.000000
4194.637207 0.000000 3064.379150 0.000000 0.355742 0.000000 0.934584 1.000000 1.000000 1.000000
4195.575195 0.000000 3096.013428 0.000000 0.830778 0.000000 0.556604 1.000000 1.000000 1.000000
4164.924316 0.000000 3082.416260 0.000000 0.396367 0.000000 -0.918092 1.000000 1.000000 1.000000
4202.287109 0.000000 3104.621826 0.000000 0.773463 0.000000 0.633842 1.000000 1.000000 1.000000
4169.659180 0.000000 3054.966064 0.000000 0.858775 0.000000 0.512353 1.000000 1.000000 1.000000
4114.730469 0.000000 3135.852051 0.000000 0.336370 0.000000 0.941730 1.000000 1.000000 1.000000
4106.541504 0.000000 3164.517090 0.000000 0.872627 0.000000 0.488388 1.000000 1.000000 1.000000
4132.530273 0.000000 3124.706787 0.000000 0.998564 0.000000 -0.053568 1.000000 1.000000 1.000000
4141.400391 0.000000 3160.551025 0.000000 0.006276 0.000000 0.999980 1.000000 1.000000 1.000000
4142.819824 0.000000 3186.363770 0.000000 0.906008 0.000000 -0.423260 1.000000 1.000000 1.000000
4131.165039 0.000000 3165.054932 0.000000 0.029009 0.000000 -0.999579 1.000000 1.000000 1.000000
4154.840820 0.000000 3138.149658 0.000000 0.402947 0.000000 -0.915223 1.000000 1.000000 1.000000
4131.570312 0.000000 3150.225098 0.000000 0.893244 0.000000 0.449572 1.000000 1.000000 1.000000
4135.611816 0.000000 3161.291504 0.000000 0.831344 0.000000 -0.555759 1.000000 1.000000 1.000000
4156.648438 0.000000 3126.728271 0.000000 0.801687 0.000000 -0.597744 1.000000 1.000000 1.000000
4133.176758 0.000000 3144.105225 0.000000 0.527946 0.000000 -0.849278 1.000000 1.000000 1.000000
4118.491699 0.000000 3132.759766 0.000000 0.423660 0.000000 0.905821 1.000000 1.000000 1.000000
4112.102539 0.000000 3191.807861 0.000000 0.936963 0.000000 0.349428 1.000000 1.000000 1.000000
4139.754883 0.000000 3183.002197 0.000000 0.417438 0.000000 0.908706 1.000000 1.000000 1.000000
4152.538086 0.000000 3126.780518 0.000000 0.064346 0.000000 0.997928 1.000000 1.000000 1.000000
4116.186523 0.000000 3157.951172 0.000000 0.647971 0.000000 -0.761665 1.000000 1.000000 1.000000
4139.537109 0.000000 3186.490234 0.000000 0.028615 0.000000 0.999591 1.000000 1.000000 1.000000
4132.300293 0.000000 3127.438721 0.000000 0.646577 0.000000 -0.762849 1.000000 1.000000 1.000000
4127.962891 0.000000 3194.272461 0.000000 0.308122 0.000000 0.951347 1.000000 1.000000 1.000000
4125.377441 0.000000 3196.309082 0.000000 0.997934 0.000000 -0.064241 1.000000 1.000000 1.000000
4160.090332 0.000000 3177.979980 0.000000 0.164741 0.000000 0.986337 1.000000 1.000000 1.000000
4197.490234 0.000000 3121.450195 0.000000 0.263683 0.000000 0.964609 1.000000 1.000000 1.000000
4185.061035 0.000000 3126.201172 0.000000 0.495485 0.000000 0.868617 1.000000 1.000000 1.000000
4111.743652 0.000000 3203.655762 0.000000 0.881899 0.000000 0.471438 1.000000 1.000000 1.000000
4114.940430 0.000000 3249.903320 0.000000 0.709152 0.000000 -0.705056 1.000000 1.000000 1.000000
4108.976074 0.000000 3233.634521 0.000000 0.999216 0.000000 -0.039601 1.000000 1.000000 1.000000
4132.530273 0.000000 3204.691162 0.000000 0.853864 0.000000 -0.520495 1.000000 1.000000 1.000000
4116.270020 0.000000 3264.596436 0.000000 0.202097 0.000000 -0.979366 1.000000 1.000000 1.000000
4117.266602 0.000000 3199.931152 0.000000 0.990325 0.000000 0.138766 1.000000 1.000000 1.000000
4096.098145 0.000000 3257.964355 0.000000 0.797971 0.000000 0.602696 1.000000 1.000000 1.000000
4118.041016 0.000000 3244.915283 0.000000 0.550930 0.000000 -0.834552 1.000000 1.000000 1.000000
4109.088379 0.000000 3239.540527 0.000000 0.851359 0.000000 -0.524583 1.000000 1.000000 1.000000
4100.192383 0.000000 3270.028320 0.000000 0.012840 0.000000 0.999918 1.000000 1.000000 1.000000
4133.176758 0.000000 3224.089600 0.000000 0.613430 0.000000 0.789749 1.000000 1.000000 1.000000
4109.954102 0.000000 3215.043457 0.000000 0.997973 0.000000 -0.063642 1.000000 1.000000 1.000000
4137.358398 0.000000 3221.976318 0.000000 0.494366 0.000000 0.869254 1.000000 1.000000 1.000000
4132.372559 0.000000 3215.052002 0.000000 0.998830 0.000000 0.048366 1.000000 1.000000 1.000000
4112.977051 0.000000 3199.412842 0.000000 0.383654 0.000000 -0.923477 1.000000 1.000000 1.000000
4121.777832 0.000000 3255.277832 0.000000 0.801133 0.000000 0.598487 1.000000 1.000000 1.000000
4158.931152 0.000000 3202.990234 0.000000 0.991126 0.000000 -0.132922 1.000000 1.000000 1.000000
4105.043457 0.000000 3231.989990 0.000000 0.516865 0.000000 0.856067 1.000000 1.000000 1.000000
4125.645020 0.000000 3203.198486 0.000000 0.123470 0.000000 -0.992348 1.000000 1.000000 1.000000
4131.667480 0.000000 3241.127441 0.000000 0.651388 0.000000 -0.758744 1.000000 1.000000 1.000000
4124.919922 0.000000 3236.784668 0.000000 0.993559 0.000000 -0.113313 1.000000 1.000000 1.000000
4108.247070 0.000000 3202.571045 0.000000 0.616402 0.000000 -0.787431 1.000000 1.000000 1.000000
4135.999512 0.000000 3204.421875 0.000000 0.918557 0.000000 0.395290 1.000000 1.000000 1.000000
4133.498047 0.000000 3201.434570 0.000000 0.761574 0.000000 -0.648078 1.000000 1.000000 1.000000
4104.348145 0.000000 3253.319336 0.000000 0.827023 0.000000 0.562168 1.000000 1.000000 1.000000
4114.928223 0.000000 3253.149170 0.000000 0.998307 0.000000 0.058172 1.000000 1.000000 1.000000
4122.245605 0.000000 3252.676025 0.000000 0.284757 0.000000 0.958600 1.000000 1.000000 1.000000
4132.300293 0.000000 3207.423096 0.000000 0.924745 0.000000 0.380587 1.000000 1.000000 1.000000
4111.900879 0.000000 3210.089600 0.000000 0.873795 0.000000 0.486294 1.000000 1.000000 1.000000
4124.975586 0.000000 3218.506592 0.000000 0.407339 0.000000 -0.913277 1.000000 1.000000 1.000000
4135.517090 0.000000 3218.768799 0.000000 0.430136 0.000000 0.902764 1.000000 1.000000 1.000000
4125.782715 0.000000 3238.920410 0.000000 0.986261 0.000000 -0.165194 1.000000 1.000000 1.000000
4125.508789 0.000000 3201.154053 0.000000 0.682786 0.000000 -0.730619 1.000000 1.000000 1.000000
4110.634766 0.000000 3212.004150 0.000000 0.086267 0.000000 -0.996272 1.000000 1.000000 1.000000
4128.562988 0.000000 3218.392578 0.000000 0.998805 0.000000 -0.048867 1.000000 1.000000 1.000000
4133.528320 0.000000 3220.835938 0.000000 0.445557 0.000000 0.895253 1.000000 1.000000 1.000000
4133.532227 0.000000 3222.607178 0.000000 0.959014 0.000000 0.283358 1.000000 1.000000 1.000000
4132.346191 0.000000 3220.280273 0.000000 0.214318 0.000000 -0.976764 1.000000 1.000000 1.000000
4162.434570 0.000000 3200.584717 0.000000 0.613276 0.000000 -0.789869 1.000000 1.000000 1.000000
4095.805664 0.000000 3288.343750 0.000000 0.936714 0.000000 -0.350096 1.000000 1.000000 1.000000
4106.523926 0.000000 3298.436768 0.000000 0.335148 0.000000 0.942166 1.000000 1.000000 1.000000
4105.599609 0.000000 3303.985596 0.000000 0.991733 0.000000 0.128316 1.000000 1.000000 1.000000
4098.442383 0.000000 3360.553467 0.000000 0.031633 0.000000 -0.999500 1.000000 1.000000 1.000000
4109.293457 0.000000 3370.431641 0.000000 0.042336 0.000000 0.999103 1.000000 1.000000 1.000000
4115.652832 0.000000 3381.001221 0.000000 0.759052 0.000000 -0.651030 1.000000 1.000000 1.000000
4111.276367 0.000000 3379.469727 0.000000 0.449358 0.000000 0.893352 1.000000 1.000000 1.000000
4104.589355 0.000000 3369.752441 0.000000 0.951899 0.000000 -0.306411 1.000000 1.000000 1.000000
4107.073730 0.000000 3368.818848 0.000000 0.930994 0.000000 -0.365035 1.000000 1.000000 1.000000
"}
object={
	name="tree_emperorparasol_01_generator_1_1"
	clamp_to_water_level=no
	render_under_water=no
	generated_content=yes
	layer="tree_high_layer"
	pdxmesh="tree_emperorparasol_01_b_mesh"
	count=158
	transform="4087.682617 0.000000 3246.578125 0.000000 0.968206 0.000000 -0.250153 1.000000 1.000000 1.000000
4067.304199 0.000000 3209.834229 0.000000 0.726068 0.000000 0.687623 1.000000 1.000000 1.000000
4071.001953 0.000000 3208.027588 0.000000 0.069661 0.000000 -0.997571 1.000000 1.000000 1.000000
4061.429932 0.000000 3216.144531 0.000000 0.763448 0.000000 0.645870 1.000000 1.000000 1.000000
4059.387207 0.000000 3345.685547 0.000000 0.992520 0.000000 0.122082 1.000000 1.000000 1.000000
4094.984375 0.000000 3294.067383 0.000000 0.813123 0.000000 0.582092 1.000000 1.000000 1.000000
4088.767578 0.000000 3330.304199 0.000000 0.995499 0.000000 -0.094771 1.000000 1.000000 1.000000
4215.427734 0.000000 2841.131104 0.000000 0.310398 0.000000 -0.950607 1.000000 1.000000 1.000000
4206.812012 0.000000 2866.426270 0.000000 0.701422 0.000000 -0.712746 1.000000 1.000000 1.000000
4210.470703 0.000000 2848.749023 0.000000 0.829838 0.000000 0.558004 1.000000 1.000000 1.000000
4218.833008 0.000000 2818.212158 0.000000 1.000000 0.000000 -0.000410 1.000000 1.000000 1.000000
4202.145020 0.000000 2837.725830 0.000000 0.994077 0.000000 0.108680 1.000000 1.000000 1.000000
4212.293457 0.000000 2839.783203 0.000000 0.932070 0.000000 -0.362278 1.000000 1.000000 1.000000
4194.181641 0.000000 2848.106201 0.000000 0.422481 0.000000 -0.906372 1.000000 1.000000 1.000000
4199.165039 0.000000 2838.451172 0.000000 0.928875 0.000000 0.370392 1.000000 1.000000 1.000000
4211.583496 0.000000 2851.207764 0.000000 0.924310 0.000000 0.381643 1.000000 1.000000 1.000000
4197.137207 0.000000 2846.835205 0.000000 0.020249 0.000000 0.999795 1.000000 1.000000 1.000000
4211.762695 0.000000 2871.708984 0.000000 0.926338 0.000000 0.376693 1.000000 1.000000 1.000000
4231.209473 0.000000 2758.448975 0.000000 0.791109 0.000000 -0.611676 1.000000 1.000000 1.000000
4269.971680 0.000000 2766.018066 0.000000 0.226223 0.000000 -0.974075 1.000000 1.000000 1.000000
4228.032715 0.000000 2781.822510 0.000000 0.207189 0.000000 0.978301 1.000000 1.000000 1.000000
4261.161133 0.000000 2744.183350 0.000000 0.345083 0.000000 0.938572 1.000000 1.000000 1.000000
4287.359863 0.000000 2799.368164 0.000000 0.996573 0.000000 0.082715 1.000000 1.000000 1.000000
4261.824707 0.000000 2782.665039 0.000000 0.855327 0.000000 0.518088 1.000000 1.000000 1.000000
4267.521484 0.000000 2786.568359 0.000000 0.289892 0.000000 -0.957059 1.000000 1.000000 1.000000
4236.439941 0.000000 2762.519531 0.000000 0.968090 0.000000 -0.250603 1.000000 1.000000 1.000000
4258.629395 0.000000 2744.441650 0.000000 0.999873 0.000000 -0.015956 1.000000 1.000000 1.000000
4260.109375 0.000000 2783.936523 0.000000 0.840892 0.000000 0.541203 1.000000 1.000000 1.000000
4250.281250 0.000000 2798.797607 0.000000 0.553474 0.000000 0.832866 1.000000 1.000000 1.000000
4292.168945 0.000000 2790.122070 0.000000 0.974475 0.000000 -0.224496 1.000000 1.000000 1.000000
4322.271484 0.000000 2795.195801 0.000000 0.898259 0.000000 0.439466 1.000000 1.000000 1.000000
4325.162109 0.000000 2769.480225 0.000000 0.312141 0.000000 -0.950036 1.000000 1.000000 1.000000
4327.791016 0.000000 2771.892822 0.000000 0.254856 0.000000 0.966979 1.000000 1.000000 1.000000
4324.329102 0.000000 2793.284912 0.000000 0.889772 0.000000 0.456405 1.000000 1.000000 1.000000
4239.728027 0.000000 2803.733887 0.000000 0.509398 0.000000 -0.860531 1.000000 1.000000 1.000000
4282.750000 0.000000 2801.384766 0.000000 0.010621 0.000000 -0.999944 1.000000 1.000000 1.000000
4239.552246 0.000000 2845.598633 0.000000 0.989717 0.000000 -0.143036 1.000000 1.000000 1.000000
4232.420898 0.000000 2816.128174 0.000000 0.363268 0.000000 0.931685 1.000000 1.000000 1.000000
4241.878906 0.000000 2843.833496 0.000000 0.952651 0.000000 0.304067 1.000000 1.000000 1.000000
4244.687012 0.000000 2818.562988 0.000000 0.420103 0.000000 -0.907477 1.000000 1.000000 1.000000
4247.497559 0.000000 2864.218994 0.000000 0.451761 0.000000 0.892139 1.000000 1.000000 1.000000
4243.260742 0.000000 2878.778809 0.000000 0.988430 0.000000 -0.151680 1.000000 1.000000 1.000000
4275.003418 0.000000 2800.238770 0.000000 0.514283 0.000000 0.857620 1.000000 1.000000 1.000000
4278.545898 0.000000 2800.862305 0.000000 0.432613 0.000000 -0.901579 1.000000 1.000000 1.000000
4276.604980 0.000000 2801.069580 0.000000 0.390605 0.000000 0.920559 1.000000 1.000000 1.000000
4316.153809 0.000000 2799.534424 0.000000 0.803914 0.000000 -0.594746 1.000000 1.000000 1.000000
4300.100098 0.000000 2806.388184 0.000000 0.934770 0.000000 -0.355254 1.000000 1.000000 1.000000
4189.332031 0.000000 2954.354248 0.000000 0.215876 0.000000 0.976421 1.000000 1.000000 1.000000
4217.871094 0.000000 2906.437012 0.000000 0.269565 0.000000 -0.962982 1.000000 1.000000 1.000000
4187.618652 0.000000 2891.751221 0.000000 0.999320 0.000000 -0.036874 1.000000 1.000000 1.000000
4204.828613 0.000000 2909.141357 0.000000 0.977124 0.000000 -0.212669 1.000000 1.000000 1.000000
4190.737305 0.000000 2890.475830 0.000000 0.163401 0.000000 -0.986560 1.000000 1.000000 1.000000
4210.749023 0.000000 2904.412598 0.000000 0.997653 0.000000 -0.068470 1.000000 1.000000 1.000000
4186.670410 0.000000 2955.466064 0.000000 0.859016 0.000000 0.511949 1.000000 1.000000 1.000000
4189.635742 0.000000 2893.201904 0.000000 0.747511 0.000000 0.664250 1.000000 1.000000 1.000000
4149.850098 0.000000 3037.830566 0.000000 0.962796 0.000000 -0.270229 1.000000 1.000000 1.000000
4148.163574 0.000000 3038.555420 0.000000 0.639169 0.000000 0.769066 1.000000 1.000000 1.000000
4192.056641 0.000000 2973.647217 0.000000 0.945606 0.000000 0.325313 1.000000 1.000000 1.000000
4190.559570 0.000000 2967.101807 0.000000 0.692590 0.000000 -0.721331 1.000000 1.000000 1.000000
4199.604004 0.000000 3001.322754 0.000000 0.399249 0.000000 0.916842 1.000000 1.000000 1.000000
4195.659668 0.000000 3001.174316 0.000000 0.930869 0.000000 0.365354 1.000000 1.000000 1.000000
4193.305176 0.000000 2995.445068 0.000000 0.859913 0.000000 0.510440 1.000000 1.000000 1.000000
4190.343262 0.000000 3022.739258 0.000000 0.985310 0.000000 -0.170776 1.000000 1.000000 1.000000
4189.414551 0.000000 2976.191406 0.000000 0.935914 0.000000 0.352228 1.000000 1.000000 1.000000
4188.497070 0.000000 3030.803955 0.000000 0.445522 0.000000 0.895271 1.000000 1.000000 1.000000
4186.751953 0.000000 3032.994629 0.000000 0.768946 0.000000 0.639314 1.000000 1.000000 1.000000
4216.611816 0.000000 2977.292725 0.000000 0.996918 0.000000 -0.078447 1.000000 1.000000 1.000000
4172.077148 0.000000 3038.625000 0.000000 0.805060 0.000000 0.593193 1.000000 1.000000 1.000000
4230.109375 0.000000 2892.941162 0.000000 0.170462 0.000000 0.985364 1.000000 1.000000 1.000000
4242.414551 0.000000 2920.885254 0.000000 0.965178 0.000000 0.261594 1.000000 1.000000 1.000000
4245.250977 0.000000 2879.993652 0.000000 0.165158 0.000000 -0.986267 1.000000 1.000000 1.000000
4242.234863 0.000000 2915.188721 0.000000 0.261936 0.000000 -0.965085 1.000000 1.000000 1.000000
4234.876465 0.000000 2908.385498 0.000000 0.946724 0.000000 -0.322046 1.000000 1.000000 1.000000
4227.747559 0.000000 2889.421387 0.000000 0.990320 0.000000 -0.138800 1.000000 1.000000 1.000000
4244.170898 0.000000 2917.998047 0.000000 0.876459 0.000000 0.481476 1.000000 1.000000 1.000000
4246.119141 0.000000 2882.810547 0.000000 0.803471 0.000000 0.595344 1.000000 1.000000 1.000000
4230.406250 0.000000 2890.581543 0.000000 0.973670 0.000000 0.227961 1.000000 1.000000 1.000000
4242.881836 0.000000 2880.178955 0.000000 0.875126 0.000000 0.483894 1.000000 1.000000 1.000000
4243.728027 0.000000 2924.713135 0.000000 0.606223 0.000000 -0.795294 1.000000 1.000000 1.000000
4244.514648 0.000000 2891.122070 0.000000 0.991578 0.000000 -0.129513 1.000000 1.000000 1.000000
4242.762695 0.000000 2922.491211 0.000000 0.996489 0.000000 0.083730 1.000000 1.000000 1.000000
4133.364746 0.000000 3076.104736 0.000000 0.886627 0.000000 0.462485 1.000000 1.000000 1.000000
4156.800293 0.000000 3077.886719 0.000000 0.705045 0.000000 0.709162 1.000000 1.000000 1.000000
4136.326660 0.000000 3105.636719 0.000000 0.998216 0.000000 0.059706 1.000000 1.000000 1.000000
4153.878906 0.000000 3066.405762 0.000000 0.741761 0.000000 0.670664 1.000000 1.000000 1.000000
4154.478516 0.000000 3062.280518 0.000000 0.986134 0.000000 -0.165954 1.000000 1.000000 1.000000
4157.503906 0.000000 3060.741943 0.000000 0.005060 0.000000 -0.999987 1.000000 1.000000 1.000000
4148.520996 0.000000 3085.928467 0.000000 0.934237 0.000000 0.356653 1.000000 1.000000 1.000000
4136.003418 0.000000 3074.354492 0.000000 0.895319 0.000000 -0.445425 1.000000 1.000000 1.000000
4141.811523 0.000000 3072.185791 0.000000 0.999975 0.000000 -0.007089 1.000000 1.000000 1.000000
4120.399414 0.000000 3082.935303 0.000000 0.999993 0.000000 0.003710 1.000000 1.000000 1.000000
4133.145020 0.000000 3086.788330 0.000000 0.853544 0.000000 -0.521020 1.000000 1.000000 1.000000
4120.771973 0.000000 3080.376709 0.000000 0.995463 0.000000 -0.095150 1.000000 1.000000 1.000000
4151.012695 0.000000 3044.967041 0.000000 0.759045 0.000000 -0.651038 1.000000 1.000000 1.000000
4141.345703 0.000000 3093.198975 0.000000 0.568805 0.000000 0.822472 1.000000 1.000000 1.000000
4148.310059 0.000000 3087.975098 0.000000 0.136357 0.000000 0.990660 1.000000 1.000000 1.000000
4148.620605 0.000000 3041.022705 0.000000 0.530619 0.000000 -0.847611 1.000000 1.000000 1.000000
4175.735840 0.000000 3043.687012 0.000000 0.912660 0.000000 0.408720 1.000000 1.000000 1.000000
4170.058105 0.000000 3039.601074 0.000000 0.984587 0.000000 0.174896 1.000000 1.000000 1.000000
4160.626953 0.000000 3086.013916 0.000000 0.148248 0.000000 -0.988950 1.000000 1.000000 1.000000
4181.135254 0.000000 3047.889648 0.000000 0.714144 0.000000 0.699999 1.000000 1.000000 1.000000
4199.061035 0.000000 3054.632568 0.000000 0.454312 0.000000 0.890843 1.000000 1.000000 1.000000
4196.583008 0.000000 3116.560303 0.000000 0.586375 0.000000 0.810040 1.000000 1.000000 1.000000
4160.545898 0.000000 3045.992432 0.000000 0.861145 0.000000 -0.508360 1.000000 1.000000 1.000000
4162.305176 0.000000 3047.583008 0.000000 0.670699 0.000000 0.741730 1.000000 1.000000 1.000000
4164.335449 0.000000 3051.542969 0.000000 0.778141 0.000000 -0.628090 1.000000 1.000000 1.000000
4164.550781 0.000000 3047.109131 0.000000 0.998607 0.000000 0.052770 1.000000 1.000000 1.000000
4189.506836 0.000000 3100.961914 0.000000 0.161624 0.000000 -0.986852 1.000000 1.000000 1.000000
4165.909180 0.000000 3046.054932 0.000000 0.632480 0.000000 -0.774577 1.000000 1.000000 1.000000
4123.312500 0.000000 3163.506836 0.000000 0.966996 0.000000 -0.254793 1.000000 1.000000 1.000000
4125.339844 0.000000 3194.307373 0.000000 0.162140 0.000000 0.986768 1.000000 1.000000 1.000000
4099.686523 0.000000 3164.509766 0.000000 0.998603 0.000000 -0.052834 1.000000 1.000000 1.000000
4136.326660 0.000000 3185.621094 0.000000 0.822149 0.000000 -0.569272 1.000000 1.000000 1.000000
4114.250488 0.000000 3155.141846 0.000000 0.999844 0.000000 -0.017664 1.000000 1.000000 1.000000
4139.344238 0.000000 3189.724854 0.000000 0.930993 0.000000 0.365036 1.000000 1.000000 1.000000
4130.330078 0.000000 3178.022217 0.000000 0.932149 0.000000 0.362074 1.000000 1.000000 1.000000
4135.551270 0.000000 3165.655762 0.000000 0.944963 0.000000 0.327176 1.000000 1.000000 1.000000
4103.129395 0.000000 3166.983887 0.000000 0.892345 0.000000 -0.451354 1.000000 1.000000 1.000000
4103.270508 0.000000 3162.394775 0.000000 0.371805 0.000000 0.928311 1.000000 1.000000 1.000000
4138.763184 0.000000 3163.394531 0.000000 0.753263 0.000000 -0.657719 1.000000 1.000000 1.000000
4135.999512 0.000000 3124.437500 0.000000 0.998338 0.000000 -0.057633 1.000000 1.000000 1.000000
4136.474609 0.000000 3191.648193 0.000000 0.804840 0.000000 -0.593492 1.000000 1.000000 1.000000
4158.287598 0.000000 3169.099609 0.000000 0.317485 0.000000 0.948263 1.000000 1.000000 1.000000
4152.445801 0.000000 3129.117432 0.000000 0.975360 0.000000 0.220619 1.000000 1.000000 1.000000
4154.688477 0.000000 3126.311035 0.000000 0.994487 0.000000 0.104864 1.000000 1.000000 1.000000
4159.860840 0.000000 3140.255615 0.000000 0.940021 0.000000 -0.341116 1.000000 1.000000 1.000000
4193.136230 0.000000 3152.214600 0.000000 0.997062 0.000000 0.076602 1.000000 1.000000 1.000000
4124.177246 0.000000 3199.456299 0.000000 0.372653 0.000000 0.927971 1.000000 1.000000 1.000000
4109.937500 0.000000 3258.861084 0.000000 0.165545 0.000000 -0.986202 1.000000 1.000000 1.000000
4109.293457 0.000000 3210.462891 0.000000 0.413779 0.000000 0.910377 1.000000 1.000000 1.000000
4121.666016 0.000000 3250.095947 0.000000 0.995724 0.000000 0.092374 1.000000 1.000000 1.000000
4120.901367 0.000000 3237.409912 0.000000 0.999772 0.000000 -0.021336 1.000000 1.000000 1.000000
4126.567383 0.000000 3207.054932 0.000000 0.374591 0.000000 0.927190 1.000000 1.000000 1.000000
4127.655273 0.000000 3249.878906 0.000000 0.318837 0.000000 0.947809 1.000000 1.000000 1.000000
4127.168457 0.000000 3219.337891 0.000000 0.997676 0.000000 0.068142 1.000000 1.000000 1.000000
4112.093750 0.000000 3254.220215 0.000000 0.953861 0.000000 0.300250 1.000000 1.000000 1.000000
4107.302734 0.000000 3264.425049 0.000000 0.160540 0.000000 -0.987029 1.000000 1.000000 1.000000
4123.159668 0.000000 3220.019775 0.000000 0.657785 0.000000 -0.753206 1.000000 1.000000 1.000000
4106.216797 0.000000 3213.403076 0.000000 0.319960 0.000000 0.947431 1.000000 1.000000 1.000000
4124.909180 0.000000 3252.287109 0.000000 0.996882 0.000000 -0.078903 1.000000 1.000000 1.000000
4130.149902 0.000000 3217.747070 0.000000 0.680058 0.000000 0.733158 1.000000 1.000000 1.000000
4128.879395 0.000000 3204.586914 0.000000 0.186546 0.000000 -0.982446 1.000000 1.000000 1.000000
4120.805664 0.000000 3246.811768 0.000000 0.930367 0.000000 -0.366628 1.000000 1.000000 1.000000
4126.821777 0.000000 3199.485840 0.000000 0.940307 0.000000 0.340326 1.000000 1.000000 1.000000
4123.465332 0.000000 3201.878174 0.000000 0.463863 0.000000 0.885907 1.000000 1.000000 1.000000
4124.882812 0.000000 3249.706299 0.000000 0.918980 0.000000 -0.394305 1.000000 1.000000 1.000000
4108.826172 0.000000 3212.863037 0.000000 0.201808 0.000000 0.979425 1.000000 1.000000 1.000000
4125.359863 0.000000 3220.923828 0.000000 0.308742 0.000000 0.951146 1.000000 1.000000 1.000000
4106.487793 0.000000 3211.116211 0.000000 0.957920 0.000000 -0.287034 1.000000 1.000000 1.000000
4123.086914 0.000000 3237.863770 0.000000 0.689936 0.000000 -0.723870 1.000000 1.000000 1.000000
4134.248047 0.000000 3232.977051 0.000000 0.800345 0.000000 0.599540 1.000000 1.000000 1.000000
4129.096191 0.000000 3219.953125 0.000000 0.868703 0.000000 -0.495334 1.000000 1.000000 1.000000
4120.100098 0.000000 3248.687256 0.000000 0.874311 0.000000 0.485366 1.000000 1.000000 1.000000
4159.621582 0.000000 3203.720215 0.000000 0.478148 0.000000 0.878279 1.000000 1.000000 1.000000
4109.293457 0.000000 3290.447266 0.000000 0.990925 0.000000 0.134415 1.000000 1.000000 1.000000
4096.276367 0.000000 3353.185547 0.000000 0.410328 0.000000 -0.911938 1.000000 1.000000 1.000000
4109.954102 0.000000 3295.027832 0.000000 0.849944 0.000000 -0.526874 1.000000 1.000000 1.000000
4106.216797 0.000000 3373.371826 0.000000 0.974469 0.000000 0.224520 1.000000 1.000000 1.000000
"}
object={
	name="tree_emperorparasol_01_generator_1_2"
	clamp_to_water_level=no
	render_under_water=no
	generated_content=yes
	layer="tree_high_layer"
	pdxmesh="tree_emperorparasol_01_c_mesh"
	count=97
	transform="4062.097900 0.000000 3255.712891 0.000000 0.943251 0.000000 0.332080 1.000000 1.000000 1.000000
4080.236572 0.000000 3210.596924 0.000000 0.827636 0.000000 -0.561266 1.000000 1.000000 1.000000
4092.036377 0.000000 3260.177979 0.000000 0.926398 0.000000 0.376545 1.000000 1.000000 1.000000
4071.619629 0.000000 3241.275879 0.000000 0.998265 0.000000 0.058886 1.000000 1.000000 1.000000
4084.540283 0.000000 3211.302734 0.000000 0.727912 0.000000 -0.685670 1.000000 1.000000 1.000000
4069.847900 0.000000 3262.571289 0.000000 0.741548 0.000000 0.670900 1.000000 1.000000 1.000000
4082.850586 0.000000 3208.138672 0.000000 0.045091 0.000000 -0.998983 1.000000 1.000000 1.000000
4064.333984 0.000000 3305.230713 0.000000 0.344466 0.000000 -0.938799 1.000000 1.000000 1.000000
4075.058350 0.000000 3313.395996 0.000000 0.267740 0.000000 -0.963491 1.000000 1.000000 1.000000
4086.710449 0.000000 3332.742432 0.000000 0.842178 0.000000 -0.539200 1.000000 1.000000 1.000000
4093.850342 0.000000 3351.590332 0.000000 0.456019 0.000000 -0.889970 1.000000 1.000000 1.000000
4093.097656 0.000000 3290.784668 0.000000 0.745065 0.000000 0.666992 1.000000 1.000000 1.000000
4220.020996 0.000000 2860.256104 0.000000 0.948081 0.000000 -0.318028 1.000000 1.000000 1.000000
4210.121582 0.000000 2863.621826 0.000000 0.999587 0.000000 -0.028733 1.000000 1.000000 1.000000
4216.039551 0.000000 2860.621582 0.000000 0.359107 0.000000 0.933297 1.000000 1.000000 1.000000
4222.205078 0.000000 2817.489746 0.000000 0.678666 0.000000 0.734447 1.000000 1.000000 1.000000
4199.600586 0.000000 2848.431396 0.000000 0.463032 0.000000 0.886342 1.000000 1.000000 1.000000
4218.070312 0.000000 2861.727295 0.000000 0.896430 0.000000 0.443186 1.000000 1.000000 1.000000
4216.437988 0.000000 2809.179932 0.000000 0.048653 0.000000 -0.998816 1.000000 1.000000 1.000000
4231.161133 0.000000 2794.294434 0.000000 0.029099 0.000000 -0.999577 1.000000 1.000000 1.000000
4270.804199 0.000000 2786.441895 0.000000 0.881723 0.000000 0.471768 1.000000 1.000000 1.000000
4279.659180 0.000000 2766.671875 0.000000 0.898355 0.000000 -0.439270 1.000000 1.000000 1.000000
4246.062012 0.000000 2773.156006 0.000000 0.060383 0.000000 -0.998175 1.000000 1.000000 1.000000
4261.479980 0.000000 2747.519531 0.000000 0.818262 0.000000 0.574845 1.000000 1.000000 1.000000
4265.539062 0.000000 2787.726074 0.000000 0.816626 0.000000 -0.577168 1.000000 1.000000 1.000000
4269.091797 0.000000 2784.901367 0.000000 0.791435 0.000000 0.611254 1.000000 1.000000 1.000000
4312.877930 0.000000 2757.503662 0.000000 0.973499 0.000000 -0.228691 1.000000 1.000000 1.000000
4291.635742 0.000000 2760.505127 0.000000 0.267344 0.000000 0.963601 1.000000 1.000000 1.000000
4318.883789 0.000000 2797.687500 0.000000 0.814528 0.000000 0.580125 1.000000 1.000000 1.000000
4302.979004 0.000000 2756.497559 0.000000 0.354940 0.000000 -0.934889 1.000000 1.000000 1.000000
4281.358887 0.000000 2811.286377 0.000000 0.740530 0.000000 0.672023 1.000000 1.000000 1.000000
4242.414551 0.000000 2840.900879 0.000000 0.254493 0.000000 -0.967075 1.000000 1.000000 1.000000
4224.082520 0.000000 2858.042480 0.000000 0.939290 0.000000 0.343124 1.000000 1.000000 1.000000
4268.539062 0.000000 2813.809082 0.000000 0.154410 0.000000 -0.988007 1.000000 1.000000 1.000000
4245.949707 0.000000 2816.333252 0.000000 0.296358 0.000000 -0.955077 1.000000 1.000000 1.000000
4282.132812 0.000000 2804.317139 0.000000 0.610277 0.000000 0.792188 1.000000 1.000000 1.000000
4282.815918 0.000000 2808.955078 0.000000 0.820680 0.000000 -0.571388 1.000000 1.000000 1.000000
4241.716309 0.000000 2805.633545 0.000000 0.988607 0.000000 -0.150518 1.000000 1.000000 1.000000
4224.016113 0.000000 2817.624268 0.000000 0.937831 0.000000 0.347093 1.000000 1.000000 1.000000
4269.755371 0.000000 2815.556885 0.000000 0.706945 0.000000 0.707269 1.000000 1.000000 1.000000
4241.002441 0.000000 2842.245117 0.000000 0.820262 0.000000 0.571988 1.000000 1.000000 1.000000
4220.792480 0.000000 2917.917969 0.000000 0.171741 0.000000 -0.985142 1.000000 1.000000 1.000000
4179.817383 0.000000 2906.301514 0.000000 0.922931 0.000000 -0.384964 1.000000 1.000000 1.000000
4188.609375 0.000000 2952.621094 0.000000 0.012935 0.000000 -0.999916 1.000000 1.000000 1.000000
4187.936035 0.000000 3007.407959 0.000000 0.283940 0.000000 0.958842 1.000000 1.000000 1.000000
4194.917969 0.000000 2998.132080 0.000000 0.950672 0.000000 0.310198 1.000000 1.000000 1.000000
4187.859375 0.000000 3037.674316 0.000000 0.432418 0.000000 -0.901673 1.000000 1.000000 1.000000
4193.116699 0.000000 3002.901367 0.000000 0.432269 0.000000 -0.901744 1.000000 1.000000 1.000000
4189.352051 0.000000 2980.970703 0.000000 0.999746 0.000000 0.022525 1.000000 1.000000 1.000000
4217.370605 0.000000 2979.940918 0.000000 0.709413 0.000000 0.704793 1.000000 1.000000 1.000000
4191.362793 0.000000 2972.066406 0.000000 0.642101 0.000000 0.766620 1.000000 1.000000 1.000000
4188.926270 0.000000 2974.644043 0.000000 0.789784 0.000000 -0.613385 1.000000 1.000000 1.000000
4224.553711 0.000000 2914.861816 0.000000 0.986461 0.000000 0.163997 1.000000 1.000000 1.000000
4242.866699 0.000000 2926.509033 0.000000 0.292226 0.000000 0.956349 1.000000 1.000000 1.000000
4243.634277 0.000000 2916.315674 0.000000 0.977872 0.000000 -0.209203 1.000000 1.000000 1.000000
4142.819824 0.000000 3106.379395 0.000000 0.248997 0.000000 -0.968504 1.000000 1.000000 1.000000
4148.729004 0.000000 3045.167969 0.000000 0.294986 0.000000 -0.955501 1.000000 1.000000 1.000000
4151.674805 0.000000 3086.609375 0.000000 0.935861 0.000000 -0.352369 1.000000 1.000000 1.000000
4149.329590 0.000000 3068.290283 0.000000 0.232881 0.000000 0.972505 1.000000 1.000000 1.000000
4155.702637 0.000000 3064.559326 0.000000 0.894922 0.000000 -0.446222 1.000000 1.000000 1.000000
4148.489258 0.000000 3042.673828 0.000000 0.928705 0.000000 -0.370820 1.000000 1.000000 1.000000
4132.947754 0.000000 3079.254395 0.000000 0.968189 0.000000 -0.250219 1.000000 1.000000 1.000000
4155.773926 0.000000 3039.437256 0.000000 0.982530 0.000000 0.186107 1.000000 1.000000 1.000000
4158.104980 0.000000 3045.065186 0.000000 0.999469 0.000000 0.032598 1.000000 1.000000 1.000000
4144.390137 0.000000 3104.822510 0.000000 0.386608 0.000000 0.922244 1.000000 1.000000 1.000000
4128.282227 0.000000 3088.066650 0.000000 0.713611 0.000000 -0.700542 1.000000 1.000000 1.000000
4163.262207 0.000000 3045.396973 0.000000 0.277458 0.000000 0.960738 1.000000 1.000000 1.000000
4167.262695 0.000000 3082.410400 0.000000 0.956741 0.000000 -0.290942 1.000000 1.000000 1.000000
4190.989258 0.000000 3099.320068 0.000000 0.989382 0.000000 -0.145339 1.000000 1.000000 1.000000
4205.803711 0.000000 3072.185791 0.000000 0.662373 0.000000 -0.749174 1.000000 1.000000 1.000000
4182.126953 0.000000 3042.779297 0.000000 0.512744 0.000000 -0.858542 1.000000 1.000000 1.000000
4201.870117 0.000000 3054.036865 0.000000 0.992802 0.000000 -0.119769 1.000000 1.000000 1.000000
4166.414062 0.000000 3050.550293 0.000000 0.084028 0.000000 0.996463 1.000000 1.000000 1.000000
4205.806152 0.000000 3074.308594 0.000000 0.577788 0.000000 0.816187 1.000000 1.000000 1.000000
4167.604004 0.000000 3062.727539 0.000000 0.991527 0.000000 -0.129904 1.000000 1.000000 1.000000
4193.520508 0.000000 3080.825928 0.000000 0.562519 0.000000 -0.826784 1.000000 1.000000 1.000000
4139.752930 0.000000 3194.585205 0.000000 0.738536 0.000000 -0.674214 1.000000 1.000000 1.000000
4120.901367 0.000000 3157.425537 0.000000 0.953231 0.000000 0.302241 1.000000 1.000000 1.000000
4120.914551 0.000000 3197.237793 0.000000 0.004764 0.000000 -0.999989 1.000000 1.000000 1.000000
4123.446289 0.000000 3159.971924 0.000000 0.939947 0.000000 -0.341320 1.000000 1.000000 1.000000
4133.495605 0.000000 3147.441406 0.000000 0.383043 0.000000 0.923730 1.000000 1.000000 1.000000
4150.119629 0.000000 3128.737793 0.000000 0.952306 0.000000 0.305145 1.000000 1.000000 1.000000
4123.867188 0.000000 3197.643066 0.000000 0.504045 0.000000 0.863677 1.000000 1.000000 1.000000
4182.336426 0.000000 3151.311768 0.000000 0.721776 0.000000 -0.692127 1.000000 1.000000 1.000000
4179.645020 0.000000 3141.048096 0.000000 0.703198 0.000000 0.710994 1.000000 1.000000 1.000000
4181.424805 0.000000 3143.409180 0.000000 0.480599 0.000000 -0.876940 1.000000 1.000000 1.000000
4183.573730 0.000000 3149.094971 0.000000 0.906379 0.000000 -0.422464 1.000000 1.000000 1.000000
4110.572754 0.000000 3224.291016 0.000000 0.946628 0.000000 0.322328 1.000000 1.000000 1.000000
4106.892090 0.000000 3228.322998 0.000000 0.273576 0.000000 0.961850 1.000000 1.000000 1.000000
4129.077637 0.000000 3200.919189 0.000000 0.533763 0.000000 -0.845634 1.000000 1.000000 1.000000
4121.132812 0.000000 3203.337891 0.000000 0.834993 0.000000 0.550261 1.000000 1.000000 1.000000
4135.534668 0.000000 3231.288574 0.000000 0.945943 0.000000 -0.324333 1.000000 1.000000 1.000000
4119.464844 0.000000 3266.733154 0.000000 0.871795 0.000000 0.489871 1.000000 1.000000 1.000000
4123.966797 0.000000 3254.455566 0.000000 0.841919 0.000000 0.539604 1.000000 1.000000 1.000000
4097.525879 0.000000 3295.336914 0.000000 0.013423 0.000000 -0.999910 1.000000 1.000000 1.000000
4104.589355 0.000000 3289.768066 0.000000 0.801203 0.000000 -0.598392 1.000000 1.000000 1.000000
4107.073730 0.000000 3288.834473 0.000000 0.996814 0.000000 -0.079764 1.000000 1.000000 1.000000
"}
