object={
	name="tree_leaf_high_generator_2_0"
	clamp_to_water_level=no
	render_under_water=no
	generated_content=yes
	layer="tree_high_layer"
	pdxmesh="tree_leaf_01_b_mesh"
	count=934
	transform="1712.143188 0.000000 2631.007813 0.000000 0.771221 0.000000 0.636568 0.392420 0.392420 0.392420
1719.678833 0.000000 2609.677490 0.000000 0.996189 0.000000 -0.087226 0.401395 0.401395 0.401395
1716.919312 0.000000 2616.657227 0.000000 0.458814 0.000000 0.888532 0.384157 0.384157 0.384157
1701.765381 0.000000 2622.922852 0.000000 0.016058 0.000000 0.999871 0.375935 0.375935 0.375935
1708.899902 0.000000 2617.657715 0.000000 0.622157 0.000000 0.782892 0.376201 0.376201 0.376201
1712.698242 0.000000 2627.712158 0.000000 0.037307 0.000000 0.999304 0.364013 0.364013 0.364013
1703.910156 0.000000 2630.998535 0.000000 0.906854 0.000000 0.421444 0.382405 0.382405 0.382405
1707.620117 0.000000 2619.875488 0.000000 0.340443 0.000000 0.940265 0.340747 0.340747 0.340747
1710.181519 0.000000 2627.571533 0.000000 0.998068 0.000000 -0.062132 0.403291 0.403291 0.403291
1702.456543 0.000000 2625.412842 0.000000 0.776098 0.000000 -0.630612 0.444632 0.444632 0.444632
1702.796997 0.000000 2628.946289 0.000000 0.862402 0.000000 -0.506223 0.429419 0.429419 0.429419
1709.891846 0.000000 2623.756104 0.000000 0.774623 0.000000 -0.632423 0.438631 0.438631 0.438631
1719.036499 0.000000 2611.746582 0.000000 0.968639 0.000000 0.248471 0.384704 0.384704 0.384704
1739.672241 0.000000 2611.485840 0.000000 0.674540 0.000000 0.738239 0.395024 0.395024 0.395024
1732.699097 0.000000 2614.851318 0.000000 0.910627 0.000000 -0.413229 0.415953 0.415953 0.415953
1729.328735 0.000000 2618.329590 0.000000 0.805783 0.000000 0.592210 0.345569 0.345569 0.345569
1730.502197 0.000000 2605.571289 0.000000 0.537328 0.000000 0.843373 0.360916 0.360916 0.360916
1733.271606 0.000000 2609.656738 0.000000 0.304985 0.000000 -0.952357 0.454143 0.454143 0.454143
1730.952637 0.000000 2620.910156 0.000000 0.403925 0.000000 0.914792 0.316379 0.316379 0.316379
1734.120850 0.000000 2621.707764 0.000000 0.262986 0.000000 -0.964800 0.456675 0.456675 0.456675
1733.314453 0.000000 2616.950439 0.000000 0.715774 0.000000 -0.698332 0.444776 0.444776 0.444776
1739.441895 0.000000 2614.175049 0.000000 0.482023 0.000000 0.876159 0.330687 0.330687 0.330687
1723.447021 0.000000 2642.247803 0.000000 0.973041 0.000000 0.230631 0.390704 0.390704 0.390704
1763.769165 0.000000 2735.251953 0.000000 0.971109 0.000000 0.238638 0.397714 0.397714 0.397714
1737.456787 0.000000 2747.553223 0.000000 0.314410 0.000000 0.949287 0.385634 0.385634 0.385634
1752.953369 0.000000 2720.827881 0.000000 0.767307 0.000000 0.641280 0.384358 0.384358 0.384358
1745.703125 0.000000 2723.636963 0.000000 0.810875 0.000000 0.585220 0.388451 0.388451 0.388451
1756.770264 0.000000 2720.029541 0.000000 0.224202 0.000000 0.974543 0.365758 0.365758 0.365758
1788.347412 0.000000 2731.416748 0.000000 0.921733 0.000000 -0.387825 0.411932 0.411932 0.411932
1741.131836 0.000000 2728.624512 0.000000 0.994638 0.000000 0.103416 0.396017 0.396017 0.396017
1737.604004 0.000000 2738.055664 0.000000 0.711637 0.000000 -0.702547 0.429949 0.429949 0.429949
1734.619141 0.000000 2733.120850 0.000000 0.200233 0.000000 0.979748 0.343257 0.343257 0.343257
1786.175537 0.000000 2729.237793 0.000000 0.932589 0.000000 -0.360941 0.422864 0.422864 0.422864
1696.663330 0.000000 2772.306396 0.000000 0.999816 0.000000 -0.019164 0.400450 0.400450 0.400450
1712.405151 0.000000 2775.055664 0.000000 0.261650 0.000000 -0.965163 0.433911 0.433911 0.433911
1699.801514 0.000000 2768.148926 0.000000 0.167303 0.000000 0.985905 0.352374 0.352374 0.352374
1699.902466 0.000000 2772.035645 0.000000 0.998944 0.000000 -0.045943 0.401606 0.401606 0.401606
1716.015991 0.000000 2779.415771 0.000000 0.862688 0.000000 -0.505737 0.416944 0.416944 0.416944
1695.146118 0.000000 2781.776855 0.000000 0.033445 0.000000 0.999441 0.350105 0.350105 0.350105
1714.927734 0.000000 2774.764160 0.000000 0.281832 0.000000 -0.959464 0.455183 0.455183 0.455183
1781.923706 0.000000 2786.686523 0.000000 0.996968 0.000000 0.077810 0.396539 0.396539 0.396539
1780.378906 0.000000 2792.141846 0.000000 0.889260 0.000000 -0.457402 0.422060 0.422060 0.422060
1781.847900 0.000000 2790.634766 0.000000 0.271739 0.000000 0.962371 0.316549 0.316549 0.316549
1685.286133 0.000000 2815.641602 0.000000 0.864126 0.000000 -0.503275 0.404740 0.404740 0.404740
1698.146240 0.000000 2810.062500 0.000000 0.964907 0.000000 -0.262593 0.415522 0.415522 0.415522
1731.683838 0.000000 2811.865967 0.000000 0.584001 0.000000 0.811753 0.399527 0.399527 0.399527
1790.606934 0.000000 2830.797607 0.000000 0.744143 0.000000 -0.668020 0.485838 0.485838 0.485838
1743.262085 0.000000 2835.278564 0.000000 0.892881 0.000000 0.450294 0.394869 0.394869 0.394869
1767.398193 0.000000 2837.553223 0.000000 0.117103 0.000000 0.993120 0.384760 0.384760 0.384760
1744.515259 0.000000 2813.922607 0.000000 0.493647 0.000000 -0.869663 0.415796 0.415796 0.415796
1765.757568 0.000000 2822.883789 0.000000 0.955080 0.000000 -0.296349 0.405558 0.405558 0.405558
1761.321533 0.000000 2825.012695 0.000000 0.572290 0.000000 0.820051 0.385597 0.385597 0.385597
1776.059814 0.000000 2824.384277 0.000000 0.332386 0.000000 -0.943143 0.423990 0.423990 0.423990
1734.140991 0.000000 2826.191895 0.000000 0.984276 0.000000 -0.176638 0.404078 0.404078 0.404078
1747.692993 0.000000 2812.826416 0.000000 0.425636 0.000000 -0.904894 0.441794 0.441794 0.441794
1735.374268 0.000000 2831.207520 0.000000 0.455745 0.000000 0.890111 0.368762 0.368762 0.368762
1786.369995 0.000000 2834.491699 0.000000 0.607737 0.000000 -0.794138 0.429780 0.429780 0.429780
1730.952637 0.000000 2820.871094 0.000000 0.605262 0.000000 -0.796026 0.452408 0.452408 0.452408
1791.602173 0.000000 2828.361084 0.000000 0.686666 0.000000 -0.726973 0.458927 0.458927 0.458927
1743.994141 0.000000 2831.140625 0.000000 0.308751 0.000000 -0.951143 0.474683 0.474683 0.474683
1788.780762 0.000000 2832.575195 0.000000 0.036435 0.000000 -0.999336 0.527175 0.527175 0.527175
1730.522827 0.000000 2816.221191 0.000000 0.524456 0.000000 -0.851438 0.454935 0.454935 0.454935
1766.448730 0.000000 2825.373779 0.000000 0.560040 0.000000 -0.828465 0.444851 0.444851 0.444851
1751.636108 0.000000 2815.273438 0.000000 0.073051 0.000000 0.997328 0.296055 0.296055 0.296055
1746.584717 0.000000 2814.959961 0.000000 0.279009 0.000000 -0.960289 0.463670 0.463670 0.463670
1788.389648 0.000000 2830.104736 0.000000 0.683537 0.000000 0.729916 0.350976 0.350976 0.350976
1770.409790 0.000000 2826.574463 0.000000 0.551311 0.000000 -0.834300 0.460608 0.460608 0.460608
1788.630859 0.000000 2839.204346 0.000000 0.846866 0.000000 -0.531807 0.437237 0.437237 0.437237
1789.822876 0.000000 2843.930908 0.000000 0.256971 0.000000 -0.966419 0.415709 0.415709 0.415709
1727.812134 0.000000 2850.969727 0.000000 0.976520 0.000000 -0.215429 0.405204 0.405204 0.405204
1739.693848 0.000000 2859.811768 0.000000 0.833848 0.000000 0.551994 0.384817 0.384817 0.384817
1790.800171 0.000000 2846.854736 0.000000 0.943725 0.000000 0.330731 0.386872 0.386872 0.386872
1770.470459 0.000000 2862.448486 0.000000 0.756291 0.000000 0.654235 0.379347 0.379347 0.379347
1771.115356 0.000000 2846.733398 0.000000 0.736695 0.000000 -0.676225 0.424844 0.424844 0.424844
1785.176270 0.000000 2847.107178 0.000000 0.302777 0.000000 -0.953061 0.442258 0.442258 0.442258
1791.819824 0.000000 2726.232422 0.000000 0.873389 0.000000 -0.487023 0.404064 0.404064 0.404064
1819.506958 0.000000 2794.357422 0.000000 0.389181 0.000000 0.921161 0.269608 0.269608 0.269608
1840.127563 0.000000 2790.976563 0.000000 0.795509 0.000000 0.605942 0.393825 0.393825 0.393825
1829.749756 0.000000 2782.891602 0.000000 0.837340 0.000000 0.546682 0.391914 0.391914 0.391914
1837.461060 0.000000 2781.519531 0.000000 0.821676 0.000000 -0.569955 0.409084 0.409084 0.409084
1837.657349 0.000000 2798.466553 0.000000 0.531113 0.000000 0.847301 0.348011 0.348011 0.348011
1817.334351 0.000000 2792.808594 0.000000 0.137865 0.000000 0.990451 0.344925 0.344925 0.344925
1833.881714 0.000000 2798.546387 0.000000 0.532649 0.000000 -0.846336 0.439299 0.439299 0.439299
1827.412109 0.000000 2782.647217 0.000000 0.299367 0.000000 0.954138 0.327894 0.327894 0.327894
1823.010376 0.000000 2785.604492 0.000000 0.231684 0.000000 -0.972791 0.465422 0.465422 0.465422
1821.391113 0.000000 2795.650391 0.000000 0.735669 0.000000 0.677341 0.350583 0.350583 0.350583
1837.850830 0.000000 2795.779541 0.000000 0.849135 0.000000 -0.528176 0.429729 0.429729 0.429729
1820.288330 0.000000 2786.077637 0.000000 0.474827 0.000000 0.880079 0.326394 0.326394 0.326394
1837.876221 0.000000 2783.724854 0.000000 0.078098 0.000000 0.996946 0.308331 0.308331 0.308331
1834.911621 0.000000 2784.489014 0.000000 0.846513 0.000000 -0.532369 0.434478 0.434478 0.434478
1791.862793 0.000000 2831.735352 0.000000 0.357681 0.000000 0.933844 0.258606 0.258606 0.258606
1829.749756 0.000000 2822.883789 0.000000 0.754761 0.000000 -0.656000 0.410003 0.410003 0.410003
1802.486206 0.000000 2831.785156 0.000000 0.258463 0.000000 -0.966021 0.423536 0.423536 0.423536
1814.502808 0.000000 2832.713135 0.000000 0.755481 0.000000 0.655170 0.385018 0.385018 0.385018
1840.389526 0.000000 2815.047852 0.000000 0.284182 0.000000 -0.958770 0.428820 0.428820 0.428820
1837.756592 0.000000 2803.493652 0.000000 0.749831 0.000000 0.661629 0.385921 0.385921 0.385921
1848.814941 0.000000 2817.504883 0.000000 0.806977 0.000000 -0.590583 0.417350 0.417350 0.417350
1842.932373 0.000000 2822.175293 0.000000 0.054597 0.000000 -0.998509 0.437095 0.437095 0.437095
1832.750488 0.000000 2824.814941 0.000000 0.993217 0.000000 -0.116278 0.403200 0.403200 0.403200
1806.966309 0.000000 2826.221436 0.000000 0.913353 0.000000 -0.407169 0.411307 0.411307 0.411307
1805.923218 0.000000 2832.448975 0.000000 0.194267 0.000000 0.980949 0.347811 0.347811 0.347811
1820.256958 0.000000 2817.347656 0.000000 0.992388 0.000000 0.123151 0.395746 0.395746 0.395746
1818.520020 0.000000 2814.993408 0.000000 0.556150 0.000000 -0.831082 0.474947 0.474947 0.474947
1826.130615 0.000000 2810.062500 0.000000 0.723934 0.000000 0.689869 0.369970 0.369970 0.369970
1822.880859 0.000000 2819.232666 0.000000 0.297209 0.000000 0.954813 0.308756 0.308756 0.308756
1835.368042 0.000000 2803.336182 0.000000 0.431138 0.000000 0.902286 0.327535 0.327535 0.327535
1838.653931 0.000000 2813.469238 0.000000 0.269258 0.000000 -0.963068 0.492691 0.492691 0.492691
1815.628296 0.000000 2815.273438 0.000000 0.847914 0.000000 -0.530134 0.429852 0.429852 0.429852
1799.734009 0.000000 2824.448242 0.000000 0.937581 0.000000 -0.347766 0.420040 0.420040 0.420040
1832.042847 0.000000 2822.334473 0.000000 0.971383 0.000000 -0.237519 0.416285 0.416285 0.416285
1807.226929 0.000000 2837.906006 0.000000 0.996170 0.000000 0.087441 0.395672 0.395672 0.395672
1849.900024 0.000000 2819.642578 0.000000 0.733859 0.000000 -0.679302 0.442882 0.442882 0.442882
1841.483398 0.000000 2812.813721 0.000000 0.193957 0.000000 -0.981010 0.483109 0.483109 0.483109
1822.479980 0.000000 2812.807373 0.000000 0.824117 0.000000 -0.566420 0.436681 0.436681 0.436681
1834.922363 0.000000 2812.186523 0.000000 0.921568 0.000000 -0.388216 0.423291 0.423291 0.423291
1823.815918 0.000000 2810.266602 0.000000 0.236465 0.000000 0.971640 0.316195 0.316195 0.316195
1822.257080 0.000000 2816.574951 0.000000 0.861450 0.000000 -0.507843 0.434842 0.434842 0.434842
1817.577026 0.000000 2865.852295 0.000000 0.621926 0.000000 -0.783076 0.413026 0.413026 0.413026
1817.934204 0.000000 2870.276611 0.000000 0.920407 0.000000 -0.390961 0.407220 0.407220 0.407220
1825.313721 0.000000 2865.004883 0.000000 0.744895 0.000000 -0.667182 0.415318 0.415318 0.415318
1813.277100 0.000000 2839.732178 0.000000 0.410628 0.000000 -0.911803 0.427506 0.427506 0.427506
1816.273438 0.000000 2875.807617 0.000000 0.798073 0.000000 0.602561 0.383855 0.383855 0.383855
1817.097290 0.000000 2844.562988 0.000000 0.189372 0.000000 -0.981905 0.444108 0.444108 0.444108
1794.284790 0.000000 2848.742188 0.000000 0.543302 0.000000 -0.839537 0.426867 0.426867 0.426867
1805.923218 0.000000 2872.441162 0.000000 0.293048 0.000000 -0.956098 0.436877 0.436877 0.436877
1793.519775 0.000000 2868.968750 0.000000 0.957728 0.000000 -0.287677 0.411365 0.411365 0.411365
1814.739380 0.000000 2850.566650 0.000000 0.916768 0.000000 0.399421 0.386665 0.386665 0.386665
1819.307251 0.000000 2877.222656 0.000000 0.939645 0.000000 -0.342152 0.415344 0.415344 0.415344
1809.104736 0.000000 2847.324707 0.000000 0.981866 0.000000 -0.189577 0.406381 0.406381 0.406381
1799.605469 0.000000 2847.813477 0.000000 0.126985 0.000000 0.991905 0.351711 0.351711 0.351711
1831.766113 0.000000 2874.524170 0.000000 0.804340 0.000000 -0.594170 0.422237 0.422237 0.422237
1829.269653 0.000000 2875.793457 0.000000 0.974434 0.000000 0.224672 0.390043 0.390043 0.390043
1817.888916 0.000000 2859.908936 0.000000 0.377916 0.000000 0.925840 0.341510 0.341510 0.341510
1793.320923 0.000000 2858.282715 0.000000 0.088290 0.000000 0.996095 0.347448 0.347448 0.347448
1793.479126 0.000000 2853.388428 0.000000 0.506853 0.000000 -0.862032 0.451373 0.451373 0.451373
1798.611328 0.000000 2853.097412 0.000000 0.388636 0.000000 -0.921391 0.457916 0.457916 0.457916
1824.807251 0.000000 2877.983887 0.000000 0.041646 0.000000 -0.999132 0.461081 0.461081 0.461081
1803.326294 0.000000 2842.246582 0.000000 0.421937 0.000000 -0.906625 0.448747 0.448747 0.448747
1807.986328 0.000000 2871.132813 0.000000 0.530360 0.000000 -0.847772 0.450013 0.450013 0.450013
1806.376709 0.000000 2839.573242 0.000000 0.234802 0.000000 0.972043 0.334069 0.334069 0.334069
1794.515015 0.000000 2856.213379 0.000000 0.881013 0.000000 -0.473092 0.424360 0.424360 0.424360
1799.734009 0.000000 2864.440430 0.000000 0.930169 0.000000 0.367132 0.381793 0.381793 0.381793
1821.391113 0.000000 2875.634766 0.000000 0.980322 0.000000 0.197404 0.390078 0.390078 0.390078
1905.387329 0.000000 2844.665283 0.000000 0.928459 0.000000 -0.371434 0.407221 0.407221 0.407221
1855.796509 0.000000 2850.969727 0.000000 0.946586 0.000000 0.322451 0.393279 0.393279 0.393279
1869.915405 0.000000 2872.441162 0.000000 0.997578 0.000000 -0.069556 0.402398 0.402398 0.402398
1867.921509 0.000000 2874.481689 0.000000 0.564344 0.000000 -0.825540 0.435398 0.435398 0.435398
1763.769165 0.000000 2895.220703 0.000000 0.260609 0.000000 -0.965444 0.413706 0.413706 0.413706
1790.178467 0.000000 2903.312744 0.000000 0.921985 0.000000 -0.387226 0.405758 0.405758 0.405758
1734.140991 0.000000 2906.176270 0.000000 0.890136 0.000000 0.455695 0.385825 0.385825 0.385825
1763.793701 0.000000 2888.125488 0.000000 0.894670 0.000000 0.446727 0.385895 0.385895 0.385895
1768.767822 0.000000 2892.530029 0.000000 0.604537 0.000000 0.796577 0.373310 0.373310 0.373310
1766.179443 0.000000 2893.749756 0.000000 0.101463 0.000000 0.994839 0.350851 0.350851 0.350851
1778.861694 0.000000 2916.953369 0.000000 0.989091 0.000000 0.147306 0.393282 0.393282 0.393282
1762.604980 0.000000 2898.320068 0.000000 0.224256 0.000000 0.974530 0.345618 0.345618 0.345618
1783.881958 0.000000 2918.963623 0.000000 0.857881 0.000000 0.513848 0.373593 0.373593 0.373593
1791.602173 0.000000 2908.345459 0.000000 0.926372 0.000000 0.376611 0.371851 0.371851 0.371851
1788.780762 0.000000 2912.559570 0.000000 0.322925 0.000000 0.946425 0.344808 0.344808 0.344808
1766.044556 0.000000 2896.516846 0.000000 0.443787 0.000000 0.896132 0.348966 0.348966 0.348966
1751.704834 0.000000 2941.519287 0.000000 0.015676 0.000000 -0.999877 0.406212 0.406212 0.406212
1739.969604 0.000000 2919.876953 0.000000 0.853445 0.000000 -0.521183 0.407665 0.407665 0.407665
1732.097534 0.000000 2943.198486 0.000000 0.323759 0.000000 -0.946139 0.420450 0.420450 0.420450
1765.757568 0.000000 2942.860352 0.000000 0.610780 0.000000 0.791800 0.384944 0.384944 0.384944
1790.532593 0.000000 2920.085693 0.000000 0.733035 0.000000 0.680191 0.378711 0.378711 0.378711
1759.301514 0.000000 2954.061279 0.000000 0.990795 0.000000 -0.135372 0.403119 0.403119 0.403119
1788.800415 0.000000 2935.690430 0.000000 0.977006 0.000000 -0.213210 0.406330 0.406330 0.406330
1784.214478 0.000000 2956.398438 0.000000 0.433988 0.000000 -0.900919 0.432490 0.432490 0.432490
1788.347412 0.000000 2931.377686 0.000000 0.874777 0.000000 0.484526 0.382573 0.382573 0.382573
1750.202148 0.000000 2938.774170 0.000000 0.996925 0.000000 -0.078360 0.402507 0.402507 0.402507
1779.042603 0.000000 2922.112305 0.000000 0.650510 0.000000 -0.759498 0.434454 0.434454 0.434454
1755.315063 0.000000 2957.207031 0.000000 0.986874 0.000000 -0.161492 0.404859 0.404859 0.404859
1767.773926 0.000000 2954.508545 0.000000 0.981966 0.000000 -0.189056 0.406078 0.406078 0.406078
1759.138306 0.000000 2941.745605 0.000000 0.982457 0.000000 -0.186491 0.406557 0.406557 0.406557
1790.708008 0.000000 2938.090332 0.000000 0.988101 0.000000 0.153805 0.393446 0.393446 0.393446
1784.722168 0.000000 2921.859131 0.000000 0.968562 0.000000 -0.248772 0.412428 0.412428 0.412428
1753.896729 0.000000 2939.893311 0.000000 0.644938 0.000000 0.764235 0.369597 0.369597 0.369597
1787.439209 0.000000 2922.193115 0.000000 0.887539 0.000000 0.460733 0.376331 0.376331 0.376331
1767.902344 0.000000 2950.936035 0.000000 0.153975 0.000000 -0.988075 0.451620 0.451620 0.451620
1779.237671 0.000000 2919.443359 0.000000 0.911368 0.000000 0.411593 0.379031 0.379031 0.379031
1729.375000 0.000000 2943.344482 0.000000 0.414798 0.000000 0.909913 0.351486 0.351486 0.351486
1781.109741 0.000000 2955.486328 0.000000 0.132984 0.000000 -0.991118 0.459570 0.459570 0.459570
1764.108887 0.000000 2944.887207 0.000000 0.137737 0.000000 0.990469 0.340628 0.340628 0.340628
1781.923706 0.000000 2946.655273 0.000000 0.788115 0.000000 0.615528 0.351664 0.351664 0.351664
1785.765015 0.000000 2931.302002 0.000000 0.909941 0.000000 -0.414739 0.421140 0.421140 0.421140
1774.182007 0.000000 2921.020752 0.000000 0.565446 0.000000 -0.824785 0.443098 0.443098 0.443098
1788.391602 0.000000 2941.603516 0.000000 0.475495 0.000000 -0.879718 0.448320 0.448320 0.448320
1730.952637 0.000000 2940.847656 0.000000 0.552184 0.000000 0.833722 0.358161 0.358161 0.358161
1783.881958 0.000000 2958.955811 0.000000 0.163650 0.000000 0.986518 0.318541 0.318541 0.318541
1787.977295 0.000000 2925.603760 0.000000 0.573666 0.000000 -0.819090 0.447446 0.447446 0.447446
1774.173706 0.000000 2947.509033 0.000000 0.335765 0.000000 0.941946 0.340506 0.340506 0.340506
1779.409668 0.000000 2926.043701 0.000000 0.480032 0.000000 -0.877251 0.452363 0.452363 0.452363
1730.522827 0.000000 2936.197754 0.000000 0.944818 0.000000 0.327597 0.381502 0.381502 0.381502
1766.448730 0.000000 2945.350342 0.000000 0.985968 0.000000 -0.166933 0.408123 0.408123 0.408123
1776.119141 0.000000 2922.590332 0.000000 0.821656 0.000000 0.569984 0.370020 0.370020 0.370020
1790.922241 0.000000 2941.089355 0.000000 0.615836 0.000000 0.787874 0.353789 0.353789 0.353789
1782.035156 0.000000 2927.833252 0.000000 0.447892 0.000000 -0.894088 0.454691 0.454691 0.454691
1788.539917 0.000000 2944.987549 0.000000 0.852671 0.000000 -0.522448 0.426899 0.426899 0.426899
1770.420166 0.000000 2950.450928 0.000000 0.474452 0.000000 0.880282 0.336577 0.336577 0.336577
1781.188843 0.000000 2942.502930 0.000000 0.349524 0.000000 0.936927 0.320004 0.320004 0.320004
1769.569336 0.000000 2955.942383 0.000000 0.728167 0.000000 -0.685400 0.442230 0.442230 0.442230
1771.469360 0.000000 2954.397949 0.000000 0.900632 0.000000 -0.434583 0.434121 0.434121 0.434121
1712.097900 0.000000 2981.469238 0.000000 0.989103 0.000000 -0.147228 0.412616 0.412616 0.412616
1711.387817 0.000000 2977.216553 0.000000 0.684029 0.000000 -0.729455 0.444494 0.444494 0.444494
1788.031860 0.000000 2968.084229 0.000000 0.693049 0.000000 0.720890 0.395578 0.395578 0.395578
1777.019165 0.000000 2978.994385 0.000000 0.294230 0.000000 0.955734 0.255811 0.255811 0.255811
1760.395386 0.000000 2968.181885 0.000000 0.826145 0.000000 -0.563458 0.466050 0.466050 0.466050
1785.637451 0.000000 2973.811523 0.000000 0.336079 0.000000 -0.941834 0.410424 0.410424 0.410424
1778.739746 0.000000 2994.103760 0.000000 0.417458 0.000000 -0.908696 0.422202 0.422202 0.422202
1771.719849 0.000000 2996.700195 0.000000 0.180874 0.000000 0.983506 0.377114 0.377114 0.377114
1749.592041 0.000000 2984.917725 0.000000 0.452368 0.000000 0.891831 0.377453 0.377453 0.377453
1784.822754 0.000000 2977.473633 0.000000 0.923503 0.000000 0.383590 0.391548 0.391548 0.391548
1747.765503 0.000000 2966.157959 0.000000 0.341310 0.000000 0.939951 0.360934 0.360934 0.360934
1763.872803 0.000000 2961.053467 0.000000 0.999293 0.000000 -0.037584 0.401333 0.401333 0.401333
1766.683594 0.000000 2966.855957 0.000000 0.769584 0.000000 0.638545 0.333256 0.333256 0.333256
1782.551636 0.000000 2973.794678 0.000000 0.781225 0.000000 -0.624250 0.420197 0.420197 0.420197
1785.176270 0.000000 2967.083740 0.000000 0.993810 0.000000 -0.111093 0.403946 0.403946 0.403946
1755.274170 0.000000 2972.423096 0.000000 0.943974 0.000000 -0.330020 0.413434 0.413434 0.413434
1784.722168 0.000000 2961.851318 0.000000 0.795694 0.000000 -0.605699 0.432162 0.432162 0.432162
1787.439209 0.000000 2962.185303 0.000000 0.958417 0.000000 -0.285371 0.411415 0.411415 0.411415
1779.237671 0.000000 2959.435547 0.000000 0.815435 0.000000 0.578848 0.347909 0.347909 0.347909
1773.311157 0.000000 2969.921875 0.000000 0.555185 0.000000 -0.831727 0.438253 0.438253 0.438253
1776.047241 0.000000 2994.378418 0.000000 0.526928 0.000000 0.849910 0.357395 0.357395 0.357395
1778.919922 0.000000 2974.725098 0.000000 0.855511 0.000000 0.517785 0.356248 0.356248 0.356248
1769.001465 0.000000 2968.087402 0.000000 0.987868 0.000000 -0.155293 0.406773 0.406773 0.406773
1762.604980 0.000000 2978.304443 0.000000 0.938758 0.000000 -0.344578 0.415984 0.415984 0.415984
1781.202393 0.000000 2970.147217 0.000000 0.140077 0.000000 0.990141 0.337156 0.337156 0.337156
1776.339478 0.000000 2968.830078 0.000000 0.951326 0.000000 -0.308187 0.415799 0.415799 0.415799
1761.830078 0.000000 2962.515381 0.000000 0.812116 0.000000 -0.583496 0.445729 0.445729 0.445729
1759.729980 0.000000 2974.622559 0.000000 0.952143 0.000000 0.305652 0.381854 0.381854 0.381854
1775.380005 0.000000 2977.216553 0.000000 0.405317 0.000000 0.914176 0.342406 0.342406 0.342406
1782.509277 0.000000 2963.155029 0.000000 0.767580 0.000000 -0.640954 0.434739 0.434739 0.434739
1774.173706 0.000000 2987.501221 0.000000 0.759219 0.000000 -0.650835 0.455201 0.455201 0.455201
1734.401367 0.000000 2965.011475 0.000000 0.257126 0.000000 -0.966378 0.484427 0.484427 0.484427
1779.409668 0.000000 2966.035889 0.000000 0.913096 0.000000 -0.407744 0.420760 0.420760 0.420760
1776.119141 0.000000 2962.582520 0.000000 0.986893 0.000000 -0.161378 0.411088 0.411088 0.411088
1768.050659 0.000000 2982.303223 0.000000 0.856473 0.000000 0.516192 0.363439 0.363439 0.363439
1777.945923 0.000000 2970.512939 0.000000 0.471983 0.000000 0.881608 0.343956 0.343956 0.343956
1781.188843 0.000000 2982.495117 0.000000 0.341018 0.000000 0.940057 0.306585 0.306585 0.306585
1775.203613 0.000000 2965.391357 0.000000 0.022456 0.000000 -0.999748 0.497411 0.497411 0.497411
1777.491211 0.000000 2972.782471 0.000000 0.665552 0.000000 -0.746351 0.443753 0.443753 0.443753
1766.717041 0.000000 2980.444580 0.000000 0.878965 0.000000 -0.476886 0.429785 0.429785 0.429785
1770.409790 0.000000 2986.543213 0.000000 0.857503 0.000000 -0.514480 0.430490 0.430490 0.430490
1714.747559 0.000000 3034.095947 0.000000 0.524253 0.000000 0.851562 0.381684 0.381684 0.381684
1712.067627 0.000000 3024.345215 0.000000 0.135680 0.000000 -0.990753 0.432236 0.432236 0.432236
1717.931519 0.000000 3026.639648 0.000000 0.162543 0.000000 0.986701 0.338154 0.338154 0.338154
1714.206177 0.000000 3031.723877 0.000000 0.828194 0.000000 -0.560441 0.434755 0.434755 0.434755
1732.741333 0.000000 3029.534668 0.000000 0.168395 0.000000 0.985720 0.397901 0.397901 0.397901
1753.514893 0.000000 3039.391113 0.000000 0.806689 0.000000 0.590977 0.392739 0.392739 0.392739
1777.402954 0.000000 3004.634033 0.000000 0.651089 0.000000 0.759001 0.386231 0.386231 0.386231
1779.042603 0.000000 3002.096680 0.000000 0.642457 0.000000 0.766322 0.365560 0.365560 0.365560
1809.105103 0.000000 2879.491455 0.000000 0.030071 0.000000 0.999548 0.397692 0.397692 0.397692
1807.796387 0.000000 2898.930176 0.000000 0.166718 0.000000 -0.986005 0.402803 0.402803 0.402803
1817.338745 0.000000 2897.211670 0.000000 0.365452 0.000000 -0.930830 0.533843 0.533843 0.533843
1839.651123 0.000000 2891.310303 0.000000 0.462060 0.000000 0.886849 0.376043 0.376043 0.376043
1833.072876 0.000000 2908.446533 0.000000 0.518623 0.000000 0.855003 0.377981 0.377981 0.377981
1811.473877 0.000000 2900.535645 0.000000 0.970472 0.000000 -0.241214 0.405352 0.405352 0.405352
1813.277100 0.000000 2879.724365 0.000000 0.607728 0.000000 0.794145 0.378466 0.378466 0.378466
1827.785889 0.000000 2888.125488 0.000000 0.952410 0.000000 0.304820 0.390411 0.390411 0.390411
1806.966309 0.000000 2906.205811 0.000000 0.997666 0.000000 0.068282 0.397885 0.397885 0.397885
1811.757690 0.000000 2886.173584 0.000000 0.356004 0.000000 0.934484 0.364448 0.364448 0.364448
1810.557739 0.000000 2897.325439 0.000000 0.880340 0.000000 0.474344 0.381986 0.381986 0.381986
1799.366455 0.000000 2911.191895 0.000000 0.999804 0.000000 -0.019816 0.400604 0.400604 0.400604
1810.173584 0.000000 2914.778320 0.000000 0.975792 0.000000 -0.218701 0.407706 0.407706 0.407706
1818.405029 0.000000 2902.779541 0.000000 0.675974 0.000000 -0.736925 0.433508 0.433508 0.433508
1834.462646 0.000000 2902.440674 0.000000 0.923733 0.000000 -0.383037 0.415702 0.415702 0.415702
1835.107544 0.000000 2886.725586 0.000000 0.934750 0.000000 0.355306 0.386397 0.386397 0.386397
1833.429932 0.000000 2881.785889 0.000000 0.931489 0.000000 0.363770 0.386058 0.386058 0.386058
1819.307251 0.000000 2917.214844 0.000000 0.701155 0.000000 0.713009 0.374238 0.374238 0.374238
1830.171631 0.000000 2893.749756 0.000000 0.306323 0.000000 0.951928 0.345918 0.345918 0.345918
1800.542480 0.000000 2913.812988 0.000000 0.743452 0.000000 0.668790 0.367079 0.367079 0.367079
1831.894531 0.000000 2910.943848 0.000000 0.534156 0.000000 -0.845386 0.450798 0.450798 0.450798
1828.101074 0.000000 2904.895020 0.000000 0.070746 0.000000 0.997494 0.344577 0.344577 0.344577
1834.190430 0.000000 2897.451660 0.000000 0.700024 0.000000 0.714119 0.365449 0.365449 0.365449
1814.640747 0.000000 2918.295166 0.000000 0.455992 0.000000 -0.889984 0.446023 0.446023 0.446023
1824.807251 0.000000 2917.976074 0.000000 0.892896 0.000000 0.450262 0.363153 0.363153 0.363153
1818.520020 0.000000 2894.977783 0.000000 0.024753 0.000000 0.999694 0.274944 0.274944 0.274944
1832.993652 0.000000 2888.103027 0.000000 0.690097 0.000000 0.723717 0.362021 0.362021 0.362021
1826.597168 0.000000 2898.320068 0.000000 0.665663 0.000000 -0.746253 0.446269 0.446269 0.446269
1835.604492 0.000000 2899.820801 0.000000 0.278282 0.000000 0.960499 0.344658 0.344658 0.344658
1815.868530 0.000000 2904.000244 0.000000 0.977091 0.000000 -0.212823 0.409745 0.409745 0.409745
1839.372192 0.000000 2897.232178 0.000000 0.999131 0.000000 0.041688 0.398022 0.398022 0.398022
1807.986328 0.000000 2911.125000 0.000000 0.705028 0.000000 -0.709179 0.438969 0.438969 0.438969
1823.532349 0.000000 2909.518311 0.000000 0.446275 0.000000 -0.894896 0.452013 0.452013 0.452013
1817.932373 0.000000 2886.792969 0.000000 0.477091 0.000000 -0.878854 0.454135 0.454135 0.454135
1827.412109 0.000000 2902.623779 0.000000 0.766097 0.000000 -0.642725 0.436249 0.436249 0.436249
1821.391113 0.000000 2915.626953 0.000000 0.957732 0.000000 -0.287661 0.415589 0.415589 0.415589
1822.479980 0.000000 2892.791748 0.000000 0.445731 0.000000 0.895167 0.324705 0.324705 0.324705
1816.937134 0.000000 2890.941650 0.000000 0.095338 0.000000 0.995445 0.302027 0.302027 0.302027
1865.790649 0.000000 2916.426270 0.000000 0.272312 0.000000 0.962209 0.393534 0.393534 0.393534
1862.158447 0.000000 2879.546387 0.000000 0.984705 0.000000 -0.174231 0.402011 0.402011 0.402011
1898.648315 0.000000 2890.041504 0.000000 0.989553 0.000000 0.144170 0.396533 0.396533 0.396533
1859.214478 0.000000 2879.997559 0.000000 0.499651 0.000000 0.866227 0.369138 0.369138 0.369138
1867.921509 0.000000 2914.473877 0.000000 0.189119 0.000000 0.981954 0.350369 0.350369 0.350369
1809.105103 0.000000 2919.483643 0.000000 0.601940 0.000000 0.798541 0.398615 0.398615 0.398615
1830.624023 0.000000 2929.997803 0.000000 0.957176 0.000000 -0.289506 0.400880 0.400880 0.400880
1829.057861 0.000000 2947.319824 0.000000 0.871450 0.000000 -0.490483 0.403840 0.403840 0.403840
1835.848633 0.000000 2920.071289 0.000000 0.989529 0.000000 -0.144335 0.402242 0.402242 0.402242
1817.577026 0.000000 2945.836670 0.000000 0.876713 0.000000 -0.481014 0.408519 0.408519 0.408519
1837.461060 0.000000 2941.488281 0.000000 0.414824 0.000000 0.909901 0.375458 0.375458 0.375458
1833.072876 0.000000 2948.438721 0.000000 0.099171 0.000000 0.995070 0.375020 0.375020 0.375020
1797.881348 0.000000 2958.102539 0.000000 0.118224 0.000000 0.992987 0.363018 0.363018 0.363018
1821.229980 0.000000 2943.946289 0.000000 0.789218 0.000000 0.614113 0.381840 0.381840 0.381840
1798.133179 0.000000 2946.168457 0.000000 0.546913 0.000000 0.837189 0.375231 0.375231 0.375231
1832.750488 0.000000 2944.791504 0.000000 0.812809 0.000000 0.582531 0.383234 0.383234 0.383234
1816.273438 0.000000 2955.791992 0.000000 0.626468 0.000000 0.779447 0.376794 0.376794 0.376794
1846.899170 0.000000 2944.226318 0.000000 0.321594 0.000000 0.946877 0.365233 0.365233 0.365233
1806.394409 0.000000 2922.377930 0.000000 0.748098 0.000000 0.663588 0.378987 0.378987 0.378987
1827.785889 0.000000 2928.117676 0.000000 0.984947 0.000000 0.172855 0.395576 0.395576 0.395576
1827.886841 0.000000 2932.004395 0.000000 0.865148 0.000000 -0.501516 0.414952 0.414952 0.414952
1803.710571 0.000000 2924.671875 0.000000 0.605441 0.000000 0.795891 0.367828 0.367828 0.367828
1793.519775 0.000000 2948.953125 0.000000 0.358889 0.000000 0.933380 0.356125 0.356125 0.356125
1799.084351 0.000000 2939.416504 0.000000 0.978736 0.000000 0.205126 0.394017 0.394017 0.394017
1799.366455 0.000000 2951.184082 0.000000 0.731542 0.000000 -0.681796 0.421352 0.421352 0.421352
1798.111694 0.000000 2922.627197 0.000000 0.998874 0.000000 -0.047432 0.401848 0.401848 0.401848
1795.222290 0.000000 2919.989746 0.000000 0.740153 0.000000 0.672439 0.372382 0.372382 0.372382
1799.605469 0.000000 2927.797852 0.000000 0.989537 0.000000 0.144278 0.393783 0.393783 0.393783
1804.335693 0.000000 2947.226563 0.000000 0.799859 0.000000 0.600188 0.374608 0.374608 0.374608
1791.955200 0.000000 2922.695313 0.000000 0.204614 0.000000 -0.978843 0.453832 0.453832 0.453832
1823.130493 0.000000 2941.745605 0.000000 0.978984 0.000000 -0.203938 0.406871 0.406871 0.406871
1806.828857 0.000000 2936.331787 0.000000 0.997170 0.000000 0.075183 0.396618 0.396618 0.396618
1817.888916 0.000000 2939.893311 0.000000 0.348879 0.000000 0.937168 0.345426 0.345426 0.345426
1793.320923 0.000000 2938.267090 0.000000 0.854752 0.000000 -0.519037 0.426431 0.426431 0.426431
1827.094360 0.000000 2953.312988 0.000000 0.402541 0.000000 -0.915402 0.453703 0.453703 0.453703
1822.654297 0.000000 2921.815674 0.000000 0.003427 0.000000 0.999994 0.337392 0.337392 0.337392
1793.367188 0.000000 2943.344482 0.000000 0.082251 0.000000 -0.996612 0.472090 0.472090 0.472090
1794.494385 0.000000 2925.508789 0.000000 0.063479 0.000000 -0.997983 0.475260 0.475260 0.475260
1798.611328 0.000000 2933.081787 0.000000 0.327663 0.000000 0.944795 0.338855 0.338855 0.338855
1828.101074 0.000000 2944.887207 0.000000 0.974142 0.000000 -0.225938 0.408535 0.408535 0.408535
1814.640747 0.000000 2958.287354 0.000000 0.491356 0.000000 0.870959 0.359884 0.359884 0.359884
1797.263794 0.000000 2929.594238 0.000000 0.752724 0.000000 -0.658336 0.430140 0.430140 0.430140
1794.362549 0.000000 2951.326172 0.000000 0.648317 0.000000 0.761371 0.360678 0.360678 0.360678
1818.520020 0.000000 2934.969971 0.000000 0.005967 0.000000 -0.999982 0.478915 0.478915 0.478915
1811.999512 0.000000 2946.840576 0.000000 0.664669 0.000000 0.747138 0.358292 0.358292 0.358292
1794.944824 0.000000 2940.847656 0.000000 0.594920 0.000000 0.803785 0.358511 0.358511 0.358511
1823.722168 0.000000 2934.630371 0.000000 0.506630 0.000000 0.862164 0.348615 0.348615 0.348615
1802.952759 0.000000 2942.125000 0.000000 0.992377 0.000000 -0.123237 0.406107 0.406107 0.406107
1822.880859 0.000000 2939.209229 0.000000 0.548145 0.000000 0.836383 0.356472 0.356472 0.356472
1807.986328 0.000000 2951.117188 0.000000 0.359581 0.000000 0.933114 0.342937 0.342937 0.342937
1794.515015 0.000000 2936.197754 0.000000 0.954300 0.000000 -0.298849 0.415002 0.415002 0.415002
1817.932373 0.000000 2926.785156 0.000000 0.887623 0.000000 0.460570 0.369171 0.369171 0.369171
1827.412109 0.000000 2942.615967 0.000000 0.824831 0.000000 -0.565379 0.435704 0.435704 0.435704
1815.628296 0.000000 2935.250000 0.000000 0.446950 0.000000 0.894559 0.347469 0.347469 0.347469
1832.042847 0.000000 2942.311035 0.000000 0.964758 0.000000 -0.263138 0.416353 0.416353 0.416353
1834.412354 0.000000 2950.450928 0.000000 0.805246 0.000000 -0.592941 0.438664 0.438664 0.438664
1810.576904 0.000000 2934.936523 0.000000 0.845629 0.000000 0.533772 0.372167 0.372167 0.372167
1796.619507 0.000000 2952.045898 0.000000 0.541453 0.000000 0.840731 0.347146 0.347146 0.347146
1821.391113 0.000000 2955.619141 0.000000 0.736399 0.000000 -0.676547 0.438957 0.438957 0.438957
1814.039185 0.000000 2933.416016 0.000000 0.605758 0.000000 0.795649 0.350384 0.350384 0.350384
1821.830688 0.000000 2924.701416 0.000000 0.504949 0.000000 0.863149 0.335518 0.335518 0.335518
1823.796997 0.000000 2956.070313 0.000000 0.982755 0.000000 0.184914 0.387835 0.387835 0.387835
1819.166870 0.000000 2925.075195 0.000000 0.974381 0.000000 0.224903 0.385162 0.385162 0.385162
1858.126099 0.000000 2957.051025 0.000000 0.597254 0.000000 0.802052 0.394888 0.394888 0.394888
1882.239380 0.000000 2929.203125 0.000000 0.987907 0.000000 0.155047 0.398445 0.398445 0.398445
1891.950806 0.000000 2924.470215 0.000000 0.951613 0.000000 0.307298 0.395321 0.395321 0.395321
1866.478394 0.000000 2951.761719 0.000000 0.946120 0.000000 -0.323817 0.405928 0.405928 0.405928
1859.979736 0.000000 2938.580078 0.000000 0.975098 0.000000 0.221774 0.395199 0.395199 0.395199
1861.873535 0.000000 2958.102539 0.000000 0.523027 0.000000 0.852316 0.374016 0.374016 0.374016
1870.386597 0.000000 2922.377930 0.000000 0.489573 0.000000 -0.871962 0.426972 0.426972 0.426972
1884.754639 0.000000 2919.990479 0.000000 0.487097 0.000000 -0.873348 0.432347 0.432347 0.432347
1891.778076 0.000000 2928.117676 0.000000 0.484089 0.000000 -0.875019 0.429792 0.429792 0.429792
1897.422119 0.000000 2921.778076 0.000000 0.090870 0.000000 -0.995863 0.450244 0.450244 0.450244
1867.921509 0.000000 2954.466064 0.000000 0.588157 0.000000 0.808747 0.363782 0.363782 0.363782
1864.534668 0.000000 2953.805176 0.000000 0.894651 0.000000 -0.446765 0.417807 0.417807 0.417807
1869.116211 0.000000 2928.585449 0.000000 0.855797 0.000000 0.517311 0.373938 0.373938 0.373938
1886.646484 0.000000 2921.815674 0.000000 0.254603 0.000000 -0.967046 0.463610 0.463610 0.463610
1860.611694 0.000000 2952.045898 0.000000 0.707462 0.000000 -0.706752 0.445069 0.445069 0.445069
1872.523804 0.000000 2953.325439 0.000000 0.986246 0.000000 -0.165286 0.411441 0.411441 0.411441
1806.594116 0.000000 2965.888184 0.000000 0.009878 0.000000 0.999951 0.384412 0.384412 0.384412
1802.486206 0.000000 2991.753906 0.000000 0.984671 0.000000 -0.174420 0.403326 0.403326 0.403326
1824.647705 0.000000 2972.267334 0.000000 0.619253 0.000000 0.785192 0.384219 0.384219 0.384219
1809.695313 0.000000 2963.590088 0.000000 0.995996 0.000000 0.089393 0.397676 0.397676 0.397676
1854.323730 0.000000 2994.349609 0.000000 0.865879 0.000000 0.500253 0.387444 0.387444 0.387444
1827.785889 0.000000 2968.109863 0.000000 0.776312 0.000000 0.630349 0.379909 0.379909 0.379909
1806.966309 0.000000 2986.190186 0.000000 0.935165 0.000000 -0.354214 0.409762 0.409762 0.409762
1811.757690 0.000000 2966.157959 0.000000 0.755536 0.000000 0.655107 0.378957 0.378957 0.378957
1801.038940 0.000000 2960.958740 0.000000 0.636040 0.000000 -0.771656 0.424206 0.424206 0.424206
1799.366455 0.000000 2991.176270 0.000000 0.865105 0.000000 0.501591 0.384521 0.384521 0.384521
1798.111694 0.000000 2962.619385 0.000000 0.609787 0.000000 -0.792565 0.431067 0.431067 0.431067
1835.107544 0.000000 2966.709961 0.000000 0.982159 0.000000 0.188053 0.383092 0.383092 0.383092
1795.277832 0.000000 2986.363037 0.000000 0.429958 0.000000 0.902849 0.353883 0.353883 0.353883
1848.714355 0.000000 2961.851318 0.000000 0.811144 0.000000 0.584847 0.374423 0.374423 0.374423
1817.888916 0.000000 2979.885498 0.000000 0.914029 0.000000 -0.405650 0.418562 0.418562 0.418562
1811.137451 0.000000 2961.377197 0.000000 0.110179 0.000000 0.993912 0.330727 0.330727 0.330727
1793.367188 0.000000 2983.336670 0.000000 0.648126 0.000000 -0.761533 0.435444 0.435444 0.435444
1837.303345 0.000000 2969.921875 0.000000 0.721318 0.000000 -0.692604 0.434382 0.434382 0.434382
1840.039429 0.000000 2994.378418 0.000000 0.464444 0.000000 0.885602 0.342427 0.342427 0.342427
1826.000000 0.000000 2966.178955 0.000000 0.955697 0.000000 0.294352 0.383888 0.383888 0.383888
1818.520020 0.000000 2974.962158 0.000000 0.432036 0.000000 -0.901856 0.485310 0.485310 0.485310
1832.993652 0.000000 2968.087402 0.000000 0.840028 0.000000 0.542544 0.373371 0.373371 0.373371
1844.371094 0.000000 2992.102783 0.000000 0.998213 0.000000 0.059750 0.395492 0.395492 0.395492
1840.331665 0.000000 2968.830078 0.000000 0.856153 0.000000 0.516723 0.378038 0.378038 0.378038
1847.874146 0.000000 2998.947998 0.000000 0.788546 0.000000 0.614976 0.370566 0.370566 0.370566
1851.969482 0.000000 2965.595947 0.000000 0.044280 0.000000 -0.999019 0.477744 0.477744 0.477744
1846.501465 0.000000 2963.155029 0.000000 0.093755 0.000000 0.995595 0.300447 0.300447 0.300447
1852.772949 0.000000 2992.543945 0.000000 0.997356 0.000000 -0.072674 0.403378 0.403378 0.403378
1843.401855 0.000000 2966.035889 0.000000 0.224405 0.000000 0.974496 0.316087 0.316087 0.316087
1835.368042 0.000000 2963.304932 0.000000 0.296792 0.000000 -0.954942 0.465287 0.465287 0.465287
1846.027344 0.000000 2967.825439 0.000000 0.562773 0.000000 -0.826611 0.472879 0.472879 0.472879
1834.412354 0.000000 2990.443115 0.000000 0.643205 0.000000 -0.765694 0.443110 0.443110 0.443110
1837.850830 0.000000 2995.740479 0.000000 0.901268 0.000000 0.433262 0.372703 0.372703 0.372703
1839.195801 0.000000 2965.391357 0.000000 0.822060 0.000000 -0.569400 0.432364 0.432364 0.432364
1835.461548 0.000000 2994.390137 0.000000 0.173433 0.000000 -0.984846 0.473911 0.473911 0.473911
1822.181641 0.000000 2968.604248 0.000000 0.871242 0.000000 -0.490853 0.436121 0.436121 0.436121
1841.070313 0.000000 2966.775146 0.000000 0.274399 0.000000 -0.961616 0.489082 0.489082 0.489082
1823.012451 0.000000 2966.495117 0.000000 0.367578 0.000000 0.929993 0.323664 0.323664 0.323664
1849.812256 0.000000 2997.995361 0.000000 0.501508 0.000000 -0.865153 0.465251 0.465251 0.465251
1823.815918 0.000000 2970.235352 0.000000 0.912115 0.000000 0.409934 0.373638 0.373638 0.373638
1845.840088 0.000000 2990.595703 0.000000 0.059714 0.000000 0.998215 0.295127 0.295127 0.295127
1844.140991 0.000000 2964.040771 0.000000 0.883950 0.000000 0.467581 0.366474 0.366474 0.366474
1860.902466 0.000000 2966.977783 0.000000 0.898962 0.000000 -0.438026 0.405660 0.405660 0.405660
1861.873535 0.000000 2998.094727 0.000000 0.298014 0.000000 0.954562 0.366439 0.366439 0.366439
1881.089478 0.000000 2964.539551 0.000000 0.791196 0.000000 0.611562 0.378643 0.378643 0.378643
1865.031128 0.000000 2960.958740 0.000000 0.901049 0.000000 -0.433718 0.414336 0.414336 0.414336
1858.486572 0.000000 2965.500977 0.000000 0.899128 0.000000 0.437685 0.383488 0.383488 0.383488
1867.318481 0.000000 2962.223145 0.000000 0.645703 0.000000 0.763589 0.344904 0.344904 0.344904
1862.385742 0.000000 2965.011475 0.000000 0.944774 0.000000 -0.327722 0.414838 0.414838 0.414838
1830.809692 0.000000 2999.502197 0.000000 0.977902 0.000000 0.209063 0.399685 0.399685 0.399685
1825.747803 0.000000 3020.759277 0.000000 0.382661 0.000000 -0.923889 0.407059 0.407059 0.407059
1813.270508 0.000000 3015.602539 0.000000 0.842874 0.000000 -0.538111 0.405107 0.405107 0.405107
1808.507446 0.000000 3013.883545 0.000000 0.987521 0.000000 -0.157484 0.401737 0.401737 0.401737
1825.585327 0.000000 3031.033691 0.000000 0.373863 0.000000 -0.927484 0.417197 0.417197 0.417197
1839.651123 0.000000 3011.286865 0.000000 0.989076 0.000000 0.147404 0.396897 0.396897 0.396897
1816.530884 0.000000 3013.047607 0.000000 0.707238 0.000000 0.706976 0.386670 0.386670 0.386670
1854.323730 0.000000 3034.341797 0.000000 0.719290 0.000000 -0.694710 0.416490 0.416490 0.416490
1854.792358 0.000000 3006.823486 0.000000 0.869808 0.000000 -0.493390 0.450754 0.450754 0.450754
1854.799316 0.000000 3037.280518 0.000000 0.957859 0.000000 -0.287240 0.409601 0.409601 0.409601
1848.714355 0.000000 3001.843506 0.000000 0.854973 0.000000 -0.518673 0.426955 0.426955 0.426955
1843.229858 0.000000 2999.427734 0.000000 0.292045 0.000000 0.956405 0.335730 0.335730 0.335730
1827.094360 0.000000 3033.297363 0.000000 0.112426 0.000000 0.993660 0.341027 0.341027 0.341027
1837.303345 0.000000 3009.914063 0.000000 0.949918 0.000000 0.312498 0.385559 0.385559 0.385559
1838.174194 0.000000 3001.005127 0.000000 0.962239 0.000000 0.272207 0.385134 0.385134 0.385134
1852.383789 0.000000 3021.587891 0.000000 0.266811 0.000000 0.963749 0.299983 0.299983 0.299983
1846.501465 0.000000 3003.147217 0.000000 0.233953 0.000000 -0.972248 0.461309 0.461309 0.461309
1843.401855 0.000000 3006.028076 0.000000 0.990722 0.000000 0.135907 0.391355 0.391355 0.391355
1840.111328 0.000000 3002.574707 0.000000 0.922541 0.000000 0.385899 0.378636 0.378636 0.378636
1854.914429 0.000000 3021.073730 0.000000 0.987703 0.000000 -0.156340 0.410817 0.410817 0.410817
1805.773315 0.000000 3020.695801 0.000000 0.661527 0.000000 0.749921 0.352581 0.352581 0.352581
1850.547974 0.000000 3016.059814 0.000000 0.923089 0.000000 0.384587 0.373785 0.373785 0.373785
1841.070313 0.000000 3006.767334 0.000000 0.999860 0.000000 -0.016757 0.400937 0.400937 0.400937
1850.167725 0.000000 3009.183105 0.000000 0.474623 0.000000 -0.880189 0.467711 0.467711 0.467711
1870.586304 0.000000 3005.880371 0.000000 0.963369 0.000000 0.268178 0.397831 0.397831 0.397831
1860.902466 0.000000 3006.969971 0.000000 0.567565 0.000000 -0.823329 0.413040 0.413040 0.413040
1901.453247 0.000000 3021.472656 0.000000 0.765663 0.000000 -0.643242 0.412211 0.412211 0.412211
1889.305908 0.000000 3024.973633 0.000000 0.999980 0.000000 -0.006274 0.400107 0.400107 0.400107
1863.627808 0.000000 3010.672119 0.000000 0.997025 0.000000 -0.077078 0.401657 0.401657 0.401657
1858.268433 0.000000 3033.861328 0.000000 0.808627 0.000000 0.588322 0.382099 0.382099 0.382099
1869.915405 0.000000 3032.409912 0.000000 0.900344 0.000000 -0.435179 0.414388 0.414388 0.414388
1863.076538 0.000000 3019.400879 0.000000 0.093615 0.000000 -0.995608 0.450888 0.450888 0.450888
1867.921509 0.000000 3034.450439 0.000000 0.622885 0.000000 -0.782314 0.432297 0.432297 0.432297
1869.640137 0.000000 3013.718018 0.000000 0.999470 0.000000 -0.032545 0.401398 0.401398 0.401398
1855.947388 0.000000 3002.679688 0.000000 0.793551 0.000000 0.608504 0.378442 0.378442 0.378442
1869.116211 0.000000 3008.569824 0.000000 0.066593 0.000000 0.997780 0.344423 0.344423 0.344423
1865.588379 0.000000 3018.000977 0.000000 0.639021 0.000000 -0.769190 0.430234 0.430234 0.430234
1857.471313 0.000000 3013.357178 0.000000 0.998013 0.000000 -0.063005 0.402361 0.402361 0.402361
1863.286133 0.000000 3035.996094 0.000000 0.598184 0.000000 0.801359 0.360548 0.360548 0.360548
1846.031982 0.000000 3040.748779 0.000000 0.427988 0.000000 0.903785 0.384222 0.384222 0.384222
1848.814941 0.000000 3057.458008 0.000000 0.997212 0.000000 0.074625 0.398284 0.398284 0.398284
1852.383789 0.000000 3061.580078 0.000000 0.909691 0.000000 -0.415285 0.434641 0.434641 0.434641
1791.829956 0.000000 3077.964111 0.000000 0.853532 0.000000 0.521041 0.369624 0.369624 0.369624
1852.532104 0.000000 3064.964111 0.000000 0.595965 0.000000 -0.803011 0.460983 0.460983 0.460983
1849.900024 0.000000 3059.595703 0.000000 0.999436 0.000000 -0.033586 0.401728 0.401728 0.401728
1879.689209 0.000000 3061.495850 0.000000 0.993317 0.000000 -0.115419 0.400635 0.400635 0.400635
1883.258545 0.000000 3052.407471 0.000000 0.710316 0.000000 -0.703883 0.428852 0.428852 0.428852
1882.512207 0.000000 3054.946533 0.000000 0.734197 0.000000 -0.678936 0.438009 0.438009 0.438009
1887.714355 0.000000 3054.606934 0.000000 0.810257 0.000000 0.586074 0.371234 0.371234 0.371234
1886.873047 0.000000 3059.185791 0.000000 0.900984 0.000000 -0.433853 0.421959 0.421959 0.421959
1833.046387 0.000000 3099.845215 0.000000 0.782345 0.000000 0.622845 0.397986 0.397986 0.397986
1847.663208 0.000000 3089.583740 0.000000 0.999809 0.000000 0.019526 0.399717 0.399717 0.399717
1791.804321 0.000000 3090.922852 0.000000 0.613859 0.000000 0.789416 0.380465 0.380465 0.380465
1840.052002 0.000000 3104.329590 0.000000 0.998729 0.000000 0.050409 0.398615 0.398615 0.398615
1843.528809 0.000000 3109.657715 0.000000 0.999243 0.000000 -0.038905 0.400836 0.400836 0.400836
1840.682617 0.000000 3107.618408 0.000000 0.106007 0.000000 -0.994365 0.446071 0.446071 0.446071
1834.462646 0.000000 3102.401611 0.000000 0.618473 0.000000 0.785806 0.366147 0.366147 0.366147
1849.168457 0.000000 3087.060303 0.000000 0.104720 0.000000 -0.994502 0.462946 0.462946 0.462946
1791.955200 0.000000 3082.664063 0.000000 0.709328 0.000000 -0.704879 0.435543 0.435543 0.435543
1793.496704 0.000000 3081.207275 0.000000 0.821255 0.000000 -0.570562 0.436078 0.436078 0.436078
1918.315918 0.000000 3114.326172 0.000000 0.875212 0.000000 0.483739 0.387899 0.387899 0.387899
1917.305176 0.000000 3107.205811 0.000000 0.851718 0.000000 -0.524001 0.416799 0.416799 0.416799
1875.749878 0.000000 3086.134521 0.000000 0.892570 0.000000 0.450908 0.388555 0.388555 0.388555
1875.677368 0.000000 3092.771729 0.000000 0.977246 0.000000 -0.212108 0.406296 0.406296 0.406296
1916.765137 0.000000 3112.520508 0.000000 0.924006 0.000000 0.382377 0.379429 0.379429 0.379429
1881.924561 0.000000 3086.753906 0.000000 0.916331 0.000000 -0.400421 0.419748 0.419748 0.419748
1916.374023 0.000000 3110.050049 0.000000 0.776903 0.000000 0.629621 0.363273 0.363273 0.363273
2020.334717 0.000000 3078.432861 0.000000 0.037024 0.000000 0.999314 0.357880 0.357880 0.357880
1978.346558 0.000000 3114.437012 0.000000 0.798854 0.000000 0.601525 0.373575 0.373575 0.373575
1975.858521 0.000000 3118.924561 0.000000 0.310768 0.000000 -0.950486 0.453882 0.453882 0.453882
1969.922485 0.000000 3090.489502 0.000000 0.302320 0.000000 -0.953206 0.470037 0.470037 0.470037
1969.054688 0.000000 3086.751709 0.000000 0.997654 0.000000 -0.068462 0.403968 0.403968 0.403968
2028.332642 0.000000 3093.779053 0.000000 0.659578 0.000000 0.751636 0.394054 0.394054 0.394054
1997.213745 0.000000 3103.158447 0.000000 0.996787 0.000000 -0.080098 0.401361 0.401361 0.401361
2003.450439 0.000000 3100.496582 0.000000 0.107231 0.000000 -0.994234 0.431419 0.431419 0.431419
2026.632690 0.000000 3090.002441 0.000000 0.960243 0.000000 0.279167 0.393784 0.393784 0.393784
2045.289551 0.000000 3107.205811 0.000000 0.688046 0.000000 0.725667 0.377701 0.377701 0.377701
2022.555664 0.000000 3082.529785 0.000000 0.433548 0.000000 -0.901130 0.439789 0.439789 0.439789
2046.775879 0.000000 3117.264893 0.000000 0.339242 0.000000 0.940699 0.363922 0.363922 0.363922
2018.093506 0.000000 3107.983398 0.000000 0.985521 0.000000 0.169553 0.394215 0.394215 0.394215
2020.311768 0.000000 3110.062988 0.000000 0.578541 0.000000 0.815653 0.365232 0.365232 0.365232
2022.148193 0.000000 3093.710693 0.000000 0.878931 0.000000 -0.476949 0.417626 0.417626 0.417626
2046.676758 0.000000 3098.059082 0.000000 0.271903 0.000000 0.962325 0.354723 0.354723 0.354723
1983.790039 0.000000 3115.282715 0.000000 0.872310 0.000000 0.488953 0.380358 0.380358 0.380358
2021.246216 0.000000 3115.746582 0.000000 0.893780 0.000000 0.448507 0.384673 0.384673 0.384673
2034.830444 0.000000 3116.914307 0.000000 0.767372 0.000000 0.641203 0.373239 0.373239 0.373239
2019.070923 0.000000 3113.281738 0.000000 0.622405 0.000000 -0.782695 0.437256 0.437256 0.437256
2032.015991 0.000000 3114.354980 0.000000 0.104856 0.000000 -0.994487 0.457817 0.457817 0.457817
2025.858276 0.000000 3118.483887 0.000000 0.638907 0.000000 0.769284 0.356613 0.356613 0.356613
2036.347656 0.000000 3112.079346 0.000000 0.797467 0.000000 0.603363 0.370893 0.370893 0.370893
2047.570923 0.000000 3108.306396 0.000000 0.988053 0.000000 0.154116 0.392583 0.392583 0.392583
2030.599487 0.000000 3099.406982 0.000000 0.963264 0.000000 0.268556 0.383030 0.383030 0.383030
2029.852783 0.000000 3103.662354 0.000000 0.904706 0.000000 -0.426036 0.424612 0.424612 0.424612
2046.974854 0.000000 3105.895996 0.000000 0.530493 0.000000 -0.847689 0.466674 0.466674 0.466674
1961.030762 0.000000 3139.837402 0.000000 0.002108 0.000000 -0.999998 0.403916 0.403916 0.403916
1973.701904 0.000000 3125.482910 0.000000 0.562049 0.000000 0.827104 0.393192 0.393192 0.393192
1958.425293 0.000000 3145.311279 0.000000 0.869111 0.000000 -0.494617 0.425059 0.425059 0.425059
1962.386353 0.000000 3146.511963 0.000000 0.082834 0.000000 0.996563 0.313823 0.313823 0.313823
2005.738770 0.000000 3148.620361 0.000000 0.979040 0.000000 0.203670 0.398361 0.398361 0.398361
2028.505005 0.000000 3145.706055 0.000000 0.969455 0.000000 0.245267 0.398144 0.398144 0.398144
1999.230835 0.000000 3155.216064 0.000000 0.010885 0.000000 -0.999941 0.417135 0.417135 0.417135
2032.366089 0.000000 3134.985352 0.000000 0.344192 0.000000 0.938899 0.376254 0.376254 0.376254
2040.791504 0.000000 3137.442383 0.000000 0.190678 0.000000 0.981653 0.362820 0.362820 0.362820
2046.300293 0.000000 3154.318359 0.000000 0.970108 0.000000 -0.242674 0.406242 0.406242 0.406242
2013.394287 0.000000 3130.697754 0.000000 0.108901 0.000000 0.994053 0.358400 0.358400 0.358400
2032.659180 0.000000 3147.610596 0.000000 0.580429 0.000000 0.814311 0.370543 0.370543 0.370543
2006.170898 0.000000 3138.735107 0.000000 0.958716 0.000000 -0.284365 0.410222 0.410222 0.410222
2006.715942 0.000000 3130.511963 0.000000 0.102212 0.000000 -0.994763 0.458655 0.458655 0.458655
2046.775879 0.000000 3157.257080 0.000000 0.770852 0.000000 -0.637014 0.428276 0.428276 0.428276
1997.100586 0.000000 3128.546387 0.000000 0.994995 0.000000 -0.099920 0.403898 0.403898 0.403898
2040.690918 0.000000 3121.820068 0.000000 0.224220 0.000000 0.974539 0.332860 0.332860 0.332860
2042.618530 0.000000 3148.526367 0.000000 0.993671 0.000000 -0.112326 0.403878 0.403878 0.403878
1998.805420 0.000000 3136.292725 0.000000 0.026158 0.000000 -0.999658 0.541139 0.541139 0.541139
2032.058838 0.000000 3141.437988 0.000000 0.342978 0.000000 -0.939344 0.459123 0.459123 0.459123
2026.166992 0.000000 3137.404785 0.000000 0.342754 0.000000 0.939425 0.334769 0.334769 0.334769
2030.150757 0.000000 3120.981689 0.000000 0.979645 0.000000 0.200740 0.391826 0.391826 0.391826
2015.698730 0.000000 3134.591309 0.000000 0.974353 0.000000 0.225024 0.384361 0.384361 0.384361
2027.581055 0.000000 3139.773926 0.000000 0.970552 0.000000 0.240891 0.385788 0.385788 0.385788
2001.901367 0.000000 3130.878906 0.000000 0.640985 0.000000 0.767554 0.349319 0.349319 0.349319
2031.348755 0.000000 3137.185303 0.000000 0.773090 0.000000 0.634296 0.367408 0.367408 0.367408
1990.089600 0.000000 3141.606201 0.000000 0.360087 0.000000 0.932919 0.334558 0.334558 0.334558
2038.478027 0.000000 3123.123779 0.000000 0.577950 0.000000 -0.816072 0.445280 0.445280 0.445280
2027.344604 0.000000 3123.273682 0.000000 0.930571 0.000000 0.366111 0.372488 0.372488 0.372488
2032.087891 0.000000 3122.551270 0.000000 0.937212 0.000000 0.348759 0.379900 0.379900 0.379900
2038.003906 0.000000 3127.794189 0.000000 0.987606 0.000000 -0.156954 0.410466 0.410466 0.410466
2044.508667 0.000000 3144.948486 0.000000 0.920562 0.000000 -0.390595 0.420237 0.420237 0.420237
2002.553467 0.000000 3134.897461 0.000000 0.967284 0.000000 0.253695 0.382710 0.382710 0.382710
2037.157593 0.000000 3142.463867 0.000000 0.481525 0.000000 0.876432 0.340252 0.340252 0.340252
2017.830322 0.000000 3134.099365 0.000000 0.167824 0.000000 0.985817 0.312485 0.312485 0.312485
2039.758545 0.000000 3125.018555 0.000000 0.540181 0.000000 -0.841549 0.457928 0.457928 0.457928
2033.371704 0.000000 3164.602783 0.000000 0.967494 0.000000 0.252892 0.395660 0.395660 0.395660
2031.627686 0.000000 3171.255615 0.000000 0.884615 0.000000 -0.466323 0.408720 0.408720 0.408720
2016.308350 0.000000 3177.000000 0.000000 0.848635 0.000000 -0.528979 0.414751 0.414751 0.414751
2012.826660 0.000000 3166.656250 0.000000 0.909685 0.000000 -0.415300 0.413686 0.413686 0.413686
2013.394287 0.000000 3170.689941 0.000000 0.001473 0.000000 -0.999999 0.436828 0.436828 0.436828
2019.762451 0.000000 3168.070801 0.000000 0.482940 0.000000 -0.875653 0.433025 0.433025 0.433025
2019.841553 0.000000 3161.014404 0.000000 0.085149 0.000000 -0.996368 0.450439 0.450439 0.450439
2001.900391 0.000000 3197.966309 0.000000 0.956758 0.000000 0.290885 0.391010 0.391010 0.391010
2027.084106 0.000000 3166.670898 0.000000 0.403328 0.000000 0.915055 0.360762 0.360762 0.360762
2043.407959 0.000000 3162.146240 0.000000 0.949827 0.000000 0.312775 0.387134 0.387134 0.387134
2035.206421 0.000000 3159.396484 0.000000 0.762446 0.000000 -0.647052 0.427056 0.427056 0.427056
2020.077637 0.000000 3184.840332 0.000000 0.116652 0.000000 0.993173 0.337570 0.337570 0.337570
2026.166992 0.000000 3177.396973 0.000000 0.948102 0.000000 0.317968 0.386267 0.386267 0.386267
2017.798828 0.000000 3162.476318 0.000000 0.121685 0.000000 0.992569 0.319702 0.319702 0.319702
2046.058838 0.000000 3169.565186 0.000000 0.503144 0.000000 0.864203 0.339557 0.339557 0.339557
2043.946045 0.000000 3165.556885 0.000000 0.369114 0.000000 -0.929384 0.486950 0.486950 0.486950
2022.013306 0.000000 3176.462158 0.000000 0.894073 0.000000 0.447921 0.377738 0.377738 0.377738
2038.003906 0.000000 3167.786377 0.000000 0.331330 0.000000 -0.943515 0.464032 0.464032 0.464032
2022.685791 0.000000 3180.405518 0.000000 0.856099 0.000000 -0.516811 0.433627 0.433627 0.433627
1953.569702 0.000000 3230.994629 0.000000 0.197954 0.000000 -0.980211 0.417805 0.417805 0.417805
1957.673584 0.000000 3232.560791 0.000000 0.782610 0.000000 0.622513 0.386580 0.386580 0.386580
1950.107544 0.000000 3237.766357 0.000000 0.765226 0.000000 -0.643762 0.411873 0.411873 0.411873
1961.866089 0.000000 3238.460449 0.000000 0.833582 0.000000 -0.552397 0.424546 0.424546 0.424546
2025.049438 0.000000 3228.384033 0.000000 0.155986 0.000000 -0.987759 0.427538 0.427538 0.427538
2034.847412 0.000000 3208.300049 0.000000 0.792227 0.000000 0.610227 0.383286 0.383286 0.383286
1998.370972 0.000000 3202.323242 0.000000 0.561375 0.000000 0.827562 0.367391 0.367391 0.367391
1986.261353 0.000000 3208.671875 0.000000 0.612992 0.000000 -0.790089 0.425926 0.425926 0.425926
2035.011353 0.000000 3202.057617 0.000000 0.263016 0.000000 0.964791 0.362869 0.362869 0.362869
1993.572754 0.000000 3217.961914 0.000000 0.156533 0.000000 -0.987673 0.450820 0.450820 0.450820
1990.587891 0.000000 3213.027100 0.000000 0.702365 0.000000 -0.711817 0.433221 0.433221 0.433221
1989.240356 0.000000 3209.539551 0.000000 0.601755 0.000000 0.798681 0.360276 0.360276 0.360276
2037.171143 0.000000 3210.100342 0.000000 0.997140 0.000000 -0.075571 0.403210 0.403210 0.403210
1998.353271 0.000000 3199.502930 0.000000 0.967041 0.000000 -0.254622 0.411441 0.411441 0.411441
2079.099121 0.000000 2981.737793 0.000000 0.092362 0.000000 0.995726 0.262708 0.262708 0.262708
2106.610840 0.000000 2988.557617 0.000000 0.182960 0.000000 -0.983120 0.513561 0.513561 0.513561
2101.070801 0.000000 2995.478516 0.000000 0.545109 0.000000 -0.838365 0.481418 0.481418 0.481418
2096.051025 0.000000 2981.469238 0.000000 0.149451 0.000000 -0.988769 0.464556 0.464556 0.464556
2110.051025 0.000000 2969.604248 0.000000 0.990580 0.000000 -0.136939 0.405830 0.405830 0.405830
2108.500977 0.000000 2984.979736 0.000000 0.385179 0.000000 -0.922842 0.473948 0.473948 0.473948
2101.149902 0.000000 2982.495117 0.000000 0.523642 0.000000 -0.851938 0.453459 0.453459 0.453459
2102.649902 0.000000 2978.329102 0.000000 0.572653 0.000000 -0.819798 0.464302 0.464302 0.464302
2111.765381 0.000000 2970.946289 0.000000 0.032643 0.000000 0.999467 0.361599 0.361599 0.361599
2131.718506 0.000000 2966.157959 0.000000 0.010035 0.000000 0.999950 0.345449 0.345449 0.345449
2276.046387 0.000000 3024.871582 0.000000 0.535859 0.000000 0.844308 0.309149 0.309149 0.309149
2366.108154 0.000000 3023.289307 0.000000 0.989615 0.000000 0.143745 0.398127 0.398127 0.398127
2362.511475 0.000000 3031.589600 0.000000 0.296057 0.000000 0.955170 0.375265 0.375265 0.375265
2366.736816 0.000000 3037.280518 0.000000 0.363207 0.000000 -0.931709 0.447897 0.447897 0.447897
2373.641602 0.000000 3034.050781 0.000000 0.122820 0.000000 -0.992429 0.422408 0.422408 0.422408
2163.961426 0.000000 3059.361084 0.000000 0.018369 0.000000 0.999831 0.348841 0.348841 0.348841
2166.642090 0.000000 3058.313477 0.000000 0.494338 0.000000 -0.869270 0.457875 0.457875 0.457875
2164.101807 0.000000 3044.025146 0.000000 0.130929 0.000000 -0.991392 0.484813 0.484813 0.484813
2057.767090 0.000000 3116.387207 0.000000 0.497504 0.000000 -0.867462 0.520068 0.520068 0.520068
2050.102783 0.000000 3117.019775 0.000000 0.826614 0.000000 -0.562770 0.403581 0.403581 0.403581
2047.831543 0.000000 3111.680664 0.000000 0.459843 0.000000 -0.888000 0.411460 0.411460 0.411460
2052.058350 0.000000 3103.167236 0.000000 0.484481 0.000000 0.874802 0.384578 0.384578 0.384578
2050.331299 0.000000 3111.294922 0.000000 0.965403 0.000000 -0.260761 0.412645 0.412645 0.412645
2055.172852 0.000000 3108.635986 0.000000 0.754696 0.000000 -0.656075 0.431443 0.431443 0.431443
2055.262695 0.000000 3115.980469 0.000000 0.912825 0.000000 -0.408351 0.429195 0.429195 0.429195
2055.702637 0.000000 3104.393555 0.000000 0.589541 0.000000 -0.807738 0.444133 0.444133 0.444133
2160.524902 0.000000 3080.219238 0.000000 0.985480 0.000000 0.169794 0.399233 0.399233 0.399233
2169.758301 0.000000 3084.345947 0.000000 0.050497 0.000000 -0.998724 0.427327 0.427327 0.427327
2169.129395 0.000000 3087.060303 0.000000 0.911904 0.000000 -0.410403 0.419638 0.419638 0.419638
2277.030029 0.000000 3058.826172 0.000000 0.691131 0.000000 0.722730 0.384674 0.384674 0.384674
2284.829590 0.000000 3057.571777 0.000000 0.432881 0.000000 0.901451 0.377569 0.377569 0.377569
2247.029785 0.000000 3059.393066 0.000000 0.162036 0.000000 0.986785 0.358520 0.358520 0.358520
2288.027588 0.000000 3061.453613 0.000000 0.268056 0.000000 0.963403 0.347446 0.347446 0.347446
2287.317627 0.000000 3057.200928 0.000000 0.999900 0.000000 0.014174 0.399130 0.399130 0.399130
2247.679199 0.000000 3064.401367 0.000000 0.552602 0.000000 -0.833445 0.477240 0.477240 0.477240
2289.428711 0.000000 3052.766846 0.000000 0.868432 0.000000 -0.495808 0.431860 0.431860 0.431860
2238.123779 0.000000 3103.273682 0.000000 0.563230 0.000000 -0.826300 0.417481 0.417481 0.417481
2214.124756 0.000000 3093.710693 0.000000 0.711995 0.000000 0.702185 0.375124 0.375124 0.375124
2212.054199 0.000000 3104.855957 0.000000 0.645524 0.000000 0.763740 0.329701 0.329701 0.329701
2218.143555 0.000000 3097.412598 0.000000 0.702224 0.000000 0.711956 0.369539 0.369539 0.369539
2211.365234 0.000000 3102.584717 0.000000 0.996640 0.000000 -0.081912 0.405405 0.405405 0.405405
2236.334961 0.000000 3110.050049 0.000000 0.979718 0.000000 0.200382 0.389020 0.389020 0.389020
2255.741699 0.000000 3098.891113 0.000000 0.098872 0.000000 0.995100 0.236860 0.236860 0.236860
2253.182373 0.000000 3103.158447 0.000000 0.590820 0.000000 0.806804 0.384532 0.384532 0.384532
2252.009033 0.000000 3096.052002 0.000000 0.986288 0.000000 0.165031 0.397103 0.397103 0.397103
2265.522217 0.000000 3105.805420 0.000000 0.481871 0.000000 0.876242 0.385069 0.385069 0.385069
2273.259033 0.000000 3104.958008 0.000000 0.353670 0.000000 0.935370 0.374036 0.374036 0.374036
2298.519287 0.000000 3111.573975 0.000000 0.949963 0.000000 -0.312363 0.405710 0.405710 0.405710
2264.890869 0.000000 3080.757568 0.000000 0.691823 0.000000 0.722067 0.384692 0.384692 0.384692
2264.476074 0.000000 3093.031982 0.000000 0.848503 0.000000 0.529190 0.387192 0.387192 0.387192
2269.175293 0.000000 3103.915039 0.000000 0.158576 0.000000 -0.987347 0.432421 0.432421 0.432421
2280.705322 0.000000 3092.490967 0.000000 0.341056 0.000000 -0.940043 0.443348 0.443348 0.443348
2262.684570 0.000000 3090.519775 0.000000 0.857153 0.000000 -0.515061 0.418912 0.418912 0.418912
2267.211670 0.000000 3092.399658 0.000000 0.366053 0.000000 0.930594 0.352225 0.352225 0.352225
2298.587402 0.000000 3108.534180 0.000000 0.996356 0.000000 0.085293 0.397058 0.397058 0.397058
2241.312500 0.000000 3103.313232 0.000000 0.204514 0.000000 0.978864 0.331853 0.331853 0.331853
2281.827148 0.000000 3118.483887 0.000000 0.427922 0.000000 0.903816 0.339140 0.339140 0.339140
2274.542480 0.000000 3098.281006 0.000000 0.999797 0.000000 -0.020133 0.401126 0.401126 0.401126
2274.075928 0.000000 3090.007813 0.000000 0.941528 0.000000 0.336934 0.371001 0.371001 0.371001
2271.667480 0.000000 3094.599121 0.000000 0.963496 0.000000 0.267722 0.383761 0.383761 0.383761
2257.870117 0.000000 3090.886719 0.000000 0.282975 0.000000 -0.959127 0.508340 0.508340 0.508340
2260.615234 0.000000 3110.964600 0.000000 0.805841 0.000000 0.592132 0.356651 0.356651 0.356651
2263.420410 0.000000 3110.405518 0.000000 0.822568 0.000000 -0.568667 0.448324 0.448324 0.448324
2303.539551 0.000000 3108.306396 0.000000 0.662079 0.000000 0.749434 0.336970 0.336970 0.336970
2270.826172 0.000000 3099.177979 0.000000 0.755267 0.000000 0.655417 0.356461 0.356461 0.356461
2260.287109 0.000000 3113.717285 0.000000 0.983413 0.000000 0.181383 0.386157 0.386157 0.386157
2277.982178 0.000000 3096.477783 0.000000 0.942221 0.000000 -0.334991 0.416886 0.416886 0.416886
2278.386230 0.000000 3105.319092 0.000000 0.049465 0.000000 0.998776 0.286819 0.286819 0.286819
2275.357422 0.000000 3102.584717 0.000000 0.989940 0.000000 0.141490 0.390785 0.390785 0.390785
2285.821533 0.000000 3103.662354 0.000000 0.911108 0.000000 -0.412169 0.430122 0.430122 0.430122
2047.831543 0.000000 3151.672852 0.000000 0.478946 0.000000 -0.877844 0.412303 0.412303 0.412303
2052.058350 0.000000 3143.159424 0.000000 0.986360 0.000000 -0.164602 0.402477 0.402477 0.402477
2093.429688 0.000000 3141.449219 0.000000 0.974650 0.000000 -0.223735 0.403605 0.403605 0.403605
2104.783691 0.000000 3137.442383 0.000000 0.407322 0.000000 -0.913285 0.424718 0.424718 0.424718
2088.728760 0.000000 3132.483154 0.000000 0.489444 0.000000 -0.872035 0.433852 0.433852 0.433852
2056.511230 0.000000 3153.766113 0.000000 0.422234 0.000000 -0.906487 0.437966 0.437966 0.437966
2051.246582 0.000000 3146.331787 0.000000 0.518835 0.000000 -0.854875 0.449147 0.449147 0.449147
2090.159180 0.000000 3137.404785 0.000000 0.874580 0.000000 -0.484881 0.427299 0.427299 0.427299
2088.962402 0.000000 3128.056152 0.000000 0.128414 0.000000 -0.991721 0.459041 0.459041 0.459041
2055.172852 0.000000 3148.628174 0.000000 0.905799 0.000000 0.423708 0.362206 0.362206 0.362206
2059.037842 0.000000 3149.374756 0.000000 0.281114 0.000000 -0.959674 0.505293 0.505293 0.505293
2054.362305 0.000000 3124.980225 0.000000 0.115488 0.000000 -0.993309 0.504619 0.504619 0.504619
2055.702637 0.000000 3144.385742 0.000000 0.397826 0.000000 0.917461 0.345478 0.345478 0.345478
2090.153564 0.000000 3134.361816 0.000000 0.145656 0.000000 0.989335 0.322465 0.322465 0.322465
2057.879883 0.000000 3129.744385 0.000000 0.996567 0.000000 -0.082786 0.405380 0.405380 0.405380
2056.851074 0.000000 3126.077881 0.000000 0.529253 0.000000 0.848464 0.338288 0.338288 0.338288
2116.050537 0.000000 3143.159424 0.000000 0.028739 0.000000 -0.999587 0.420019 0.420019 0.420019
2123.646973 0.000000 3139.757080 0.000000 0.831519 0.000000 -0.555496 0.412645 0.412645 0.412645
2048.017334 0.000000 3159.645996 0.000000 0.783587 0.000000 0.621283 0.325021 0.325021 0.325021
2064.476318 0.000000 3173.852295 0.000000 0.939192 0.000000 -0.343392 0.405076 0.405076 0.405076
2081.553955 0.000000 3191.002441 0.000000 0.330861 0.000000 -0.943679 0.414167 0.414167 0.414167
2085.718506 0.000000 3182.813477 0.000000 0.982299 0.000000 0.187320 0.396519 0.396519 0.396519
2085.657959 0.000000 3192.568604 0.000000 0.920229 0.000000 0.391381 0.392972 0.392972 0.392972
2084.303955 0.000000 3190.047363 0.000000 0.225492 0.000000 -0.974245 0.455001 0.455001 0.455001
2049.465332 0.000000 3161.191650 0.000000 0.975958 0.000000 0.217957 0.385518 0.385518 0.385518
2137.299561 0.000000 3177.156982 0.000000 0.560019 0.000000 -0.828480 0.415601 0.415601 0.415601
2136.906494 0.000000 3160.741943 0.000000 0.212794 0.000000 -0.977097 0.421672 0.421672 0.421672
2169.872559 0.000000 3181.886963 0.000000 0.572663 0.000000 -0.819791 0.426872 0.426872 0.426872
2172.753662 0.000000 3175.643555 0.000000 0.999347 0.000000 -0.036134 0.401101 0.401101 0.401101
2140.811035 0.000000 3166.656250 0.000000 0.010567 0.000000 0.999944 0.349363 0.349363 0.349363
2131.646240 0.000000 3172.756104 0.000000 0.228814 0.000000 0.973470 0.353167 0.353167 0.353167
2166.504639 0.000000 3173.755615 0.000000 0.679088 0.000000 -0.734057 0.423048 0.423048 0.423048
2135.589111 0.000000 3175.203125 0.000000 0.347385 0.000000 -0.937723 0.480753 0.480753 0.480753
2196.700439 0.000000 3156.296387 0.000000 0.131266 0.000000 0.991347 0.224666 0.224666 0.224666
2187.617676 0.000000 3131.384277 0.000000 0.587907 0.000000 0.808929 0.394824 0.394824 0.394824
2197.223633 0.000000 3135.579102 0.000000 0.265614 0.000000 -0.964080 0.411051 0.411051 0.411051
2211.714600 0.000000 3135.173828 0.000000 0.204330 0.000000 -0.978902 0.410905 0.410905 0.410905
2200.483887 0.000000 3133.024170 0.000000 0.061226 0.000000 -0.998124 0.430903 0.430903 0.430903
2190.919434 0.000000 3146.158936 0.000000 0.429927 0.000000 -0.902864 0.432058 0.432058 0.432058
2185.342773 0.000000 3133.709717 0.000000 0.661699 0.000000 -0.749770 0.425820 0.425820 0.425820
2198.147461 0.000000 3138.735107 0.000000 0.546680 0.000000 -0.837342 0.436173 0.436173 0.436173
2186.444580 0.000000 3144.620117 0.000000 0.290987 0.000000 -0.956727 0.447767 0.447767 0.447767
2191.793701 0.000000 3141.795410 0.000000 0.286165 0.000000 -0.958180 0.438364 0.438364 0.438364
2189.601074 0.000000 3133.694580 0.000000 0.236583 0.000000 -0.971611 0.453869 0.453869 0.453869
2207.083496 0.000000 3141.706543 0.000000 0.049865 0.000000 0.998756 0.350639 0.350639 0.350639
2185.549316 0.000000 3137.977539 0.000000 0.962778 0.000000 -0.270294 0.411206 0.411206 0.411206
2190.781982 0.000000 3136.292725 0.000000 0.827483 0.000000 0.561490 0.374995 0.374995 0.374995
2201.842041 0.000000 3139.854248 0.000000 0.032265 0.000000 0.999479 0.323180 0.323180 0.323180
2211.047363 0.000000 3153.273926 0.000000 0.931984 0.000000 -0.362500 0.415003 0.415003 0.415003
2183.247070 0.000000 3155.972656 0.000000 0.876218 0.000000 0.481914 0.371378 0.371378 0.371378
2207.675293 0.000000 3134.591309 0.000000 0.533321 0.000000 -0.845913 0.455379 0.455379 0.455379
2193.877930 0.000000 3130.878906 0.000000 0.451507 0.000000 0.892268 0.309733 0.309733 0.309733
2196.623047 0.000000 3150.956787 0.000000 0.199640 0.000000 -0.979869 0.464976 0.464976 0.464976
2206.833984 0.000000 3139.170166 0.000000 0.340659 0.000000 -0.940187 0.459853 0.459853 0.459853
2196.294922 0.000000 3153.709473 0.000000 0.971566 0.000000 -0.236771 0.411100 0.411100 0.411100
2189.373291 0.000000 3138.151611 0.000000 0.996297 0.000000 0.085983 0.394111 0.394111 0.394111
2191.179932 0.000000 3157.843506 0.000000 0.061303 0.000000 0.998119 0.303528 0.303528 0.303528
2206.963623 0.000000 3145.534180 0.000000 0.917018 0.000000 -0.398846 0.419870 0.419870 0.419870
2190.980469 0.000000 3131.941895 0.000000 0.051136 0.000000 0.998692 0.289220 0.289220 0.289220
2207.750244 0.000000 3156.031250 0.000000 0.630980 0.000000 0.775799 0.342361 0.342361 0.342361
2291.692139 0.000000 3132.212158 0.000000 0.796086 0.000000 -0.605184 0.473997 0.473997 0.473997
2265.879395 0.000000 3150.221924 0.000000 0.830282 0.000000 -0.557343 0.409151 0.409151 0.409151
2261.529541 0.000000 3144.886475 0.000000 0.534737 0.000000 -0.845018 0.422617 0.422617 0.422617
2296.760254 0.000000 3137.442383 0.000000 0.996691 0.000000 0.081288 0.391427 0.391427 0.391427
2265.042480 0.000000 3124.508301 0.000000 0.389269 0.000000 -0.921124 0.430988 0.430988 0.430988
2268.707764 0.000000 3119.951416 0.000000 0.387102 0.000000 -0.922037 0.436322 0.436322 0.436322
2275.731201 0.000000 3128.078613 0.000000 0.688819 0.000000 0.724934 0.373681 0.373681 0.373681
2280.705322 0.000000 3132.483154 0.000000 0.289767 0.000000 -0.957097 0.443352 0.443352 0.443352
2302.645508 0.000000 3138.051270 0.000000 0.676274 0.000000 -0.736650 0.437627 0.437627 0.437627
2298.587402 0.000000 3148.526367 0.000000 0.868202 0.000000 -0.496211 0.422815 0.422815 0.422815
2299.376709 0.000000 3122.154053 0.000000 0.954427 0.000000 0.298445 0.385776 0.385776 0.385776
2285.248779 0.000000 3129.890625 0.000000 0.999529 0.000000 0.030701 0.398452 0.398452 0.398452
2273.945313 0.000000 3126.147705 0.000000 0.804660 0.000000 -0.593736 0.426027 0.426027 0.426027
2302.027588 0.000000 3129.572998 0.000000 0.069671 0.000000 0.997570 0.282329 0.282329 0.282329
2287.317627 0.000000 3137.185303 0.000000 0.662175 0.000000 -0.749350 0.442718 0.442718 0.442718
2251.014404 0.000000 3149.374756 0.000000 0.077329 0.000000 0.997006 0.276220 0.276220 0.276220
2283.313232 0.000000 3123.273682 0.000000 0.992512 0.000000 0.122150 0.392724 0.392724 0.392724
2290.576660 0.000000 3137.116699 0.000000 0.994573 0.000000 0.104042 0.393703 0.393703 0.393703
2261.984619 0.000000 3133.376953 0.000000 0.707061 0.000000 0.707152 0.359997 0.359997 0.359997
2289.428711 0.000000 3132.751221 0.000000 0.311497 0.000000 0.950247 0.334254 0.334254 0.334254
2281.122803 0.000000 3119.401367 0.000000 0.621769 0.000000 0.783200 0.351478 0.351478 0.351478
2294.626465 0.000000 3138.297852 0.000000 0.133084 0.000000 -0.991105 0.494732 0.494732 0.494732
2302.927246 0.000000 3122.084961 0.000000 0.992441 0.000000 0.122726 0.392137 0.392137 0.392137
2191.749512 0.000000 3178.875488 0.000000 0.551882 0.000000 -0.833922 0.402462 0.402462 0.402462
2229.670654 0.000000 3165.475098 0.000000 0.713218 0.000000 0.700942 0.395346 0.395346 0.395346
2188.016846 0.000000 3176.036377 0.000000 0.749901 0.000000 -0.661550 0.412272 0.412272 0.412272
2201.887207 0.000000 3190.214111 0.000000 0.974746 0.000000 -0.223317 0.403261 0.403261 0.403261
2236.292725 0.000000 3171.330811 0.000000 0.859828 0.000000 0.510584 0.384481 0.384481 0.384481
2179.175293 0.000000 3159.942871 0.000000 0.380557 0.000000 -0.924757 0.441846 0.441846 0.441846
2175.908447 0.000000 3162.648438 0.000000 0.965186 0.000000 0.261563 0.390354 0.390354 0.390354
2178.447510 0.000000 3165.461914 0.000000 0.890362 0.000000 0.455254 0.381592 0.381592 0.381592
2182.564453 0.000000 3173.034912 0.000000 0.332967 0.000000 -0.942939 0.462712 0.462712 0.462712
2229.147705 0.000000 3170.108154 0.000000 0.185827 0.000000 0.982583 0.279077 0.279077 0.279077
2200.477539 0.000000 3188.121094 0.000000 0.225883 0.000000 -0.974154 0.461020 0.461020 0.461020
2229.980469 0.000000 3167.786377 0.000000 0.800592 0.000000 -0.599209 0.431119 0.431119 0.431119
2206.963623 0.000000 3185.526367 0.000000 0.985507 0.000000 -0.169633 0.408852 0.408852 0.408852
2204.241455 0.000000 3185.999512 0.000000 0.480715 0.000000 0.876877 0.340734 0.340734 0.340734
2176.046387 0.000000 3168.564697 0.000000 0.816426 0.000000 0.577450 0.359426 0.359426 0.359426
2362.108398 0.000000 3065.591553 0.000000 0.981545 0.000000 -0.191233 0.401345 0.401345 0.401345
2330.184814 0.000000 3049.179688 0.000000 0.238206 0.000000 0.971215 0.387380 0.387380 0.387380
2360.752441 0.000000 3057.458008 0.000000 0.999872 0.000000 -0.015979 0.400423 0.400423 0.400423
2332.699951 0.000000 3039.967041 0.000000 0.556903 0.000000 -0.830578 0.428385 0.428385 0.428385
2322.495117 0.000000 3057.294189 0.000000 0.323412 0.000000 0.946258 0.369006 0.369006 0.369006
2326.131836 0.000000 3058.750732 0.000000 0.980775 0.000000 -0.195142 0.405296 0.405296 0.405296
2334.591797 0.000000 3041.792236 0.000000 0.857735 0.000000 -0.514093 0.442597 0.442597 0.442597
2330.457520 0.000000 3054.946533 0.000000 0.990199 0.000000 -0.139665 0.407626 0.407626 0.407626
2338.068115 0.000000 3050.015625 0.000000 0.949099 0.000000 0.314978 0.383680 0.383680 0.383680
2324.607422 0.000000 3070.972412 0.000000 0.969584 0.000000 -0.244760 0.417409 0.417409 0.417409
2364.469727 0.000000 3064.964111 0.000000 0.504277 0.000000 -0.863542 0.478061 0.478061 0.478061
2362.485352 0.000000 3056.052002 0.000000 0.519758 0.000000 0.854314 0.344257 0.344257 0.344257
2358.958252 0.000000 3051.660645 0.000000 0.212047 0.000000 0.977259 0.312586 0.312586 0.312586
2323.647705 0.000000 3068.968018 0.000000 0.828000 0.000000 0.560728 0.361956 0.361956 0.361956
2321.367920 0.000000 3060.158691 0.000000 0.999921 0.000000 -0.012590 0.400824 0.400824 0.400824
2409.844727 0.000000 3072.699219 0.000000 0.995345 0.000000 0.096379 0.387951 0.387951 0.387951
2409.002686 0.000000 3068.415283 0.000000 0.865038 0.000000 0.501706 0.387929 0.387929 0.387929
2371.151855 0.000000 3039.966309 0.000000 0.151690 0.000000 -0.988428 0.456662 0.456662 0.456662
2413.586914 0.000000 3078.411865 0.000000 0.700576 0.000000 0.713578 0.362706 0.362706 0.362706
2304.278076 0.000000 3100.774902 0.000000 0.346226 0.000000 0.938151 0.395745 0.395745 0.395745
2329.514404 0.000000 3105.805420 0.000000 0.209843 0.000000 0.977735 0.375565 0.375565 0.375565
2314.477051 0.000000 3087.570313 0.000000 0.695902 0.000000 -0.718136 0.419200 0.419200 0.419200
2321.861328 0.000000 3117.981934 0.000000 0.794399 0.000000 -0.607396 0.422164 0.422164 0.422164
2317.585449 0.000000 3093.702393 0.000000 0.938798 0.000000 -0.344468 0.412818 0.412818 0.412818
2307.215332 0.000000 3106.339600 0.000000 0.991303 0.000000 0.131598 0.388995 0.388995 0.388995
2341.207031 0.000000 3115.746582 0.000000 0.965717 0.000000 0.259599 0.376398 0.376398 0.376398
2339.031738 0.000000 3113.281738 0.000000 0.938391 0.000000 0.345575 0.371635 0.371635 0.371635
2326.578369 0.000000 3118.256104 0.000000 0.697075 0.000000 0.716998 0.329742 0.329742 0.329742
2356.308594 0.000000 3112.079346 0.000000 0.959817 0.000000 -0.280627 0.410936 0.410936 0.410936
2311.141602 0.000000 3108.635986 0.000000 0.705275 0.000000 -0.708934 0.466886 0.466886 0.466886
2314.890381 0.000000 3102.093750 0.000000 0.002244 0.000000 0.999997 0.278605 0.278605 0.278605
2310.050537 0.000000 3101.614014 0.000000 0.811195 0.000000 0.584776 0.364447 0.364447 0.364447
2364.469727 0.000000 3104.956299 0.000000 0.992424 0.000000 0.122859 0.391636 0.391636 0.391636
2333.328613 0.000000 3115.587891 0.000000 0.997827 0.000000 0.065885 0.395786 0.395786 0.395786
2332.225830 0.000000 3106.015137 0.000000 0.366553 0.000000 -0.930397 0.485957 0.485957 0.485957
2333.259277 0.000000 3113.281006 0.000000 0.666014 0.000000 0.745939 0.343668 0.343668 0.343668
2405.618896 0.000000 3112.584229 0.000000 0.554380 0.000000 -0.832263 0.418164 0.418164 0.418164
2401.243408 0.000000 3104.958008 0.000000 0.561150 0.000000 -0.827714 0.419960 0.419960 0.419960
2397.159668 0.000000 3103.915039 0.000000 0.770011 0.000000 -0.638030 0.414856 0.414856 0.414856
2416.612305 0.000000 3107.618408 0.000000 0.551419 0.000000 -0.834229 0.425620 0.425620 0.425620
2399.060059 0.000000 3101.714355 0.000000 0.231750 0.000000 0.972775 0.279176 0.279176 0.279176
2409.811523 0.000000 3118.483887 0.000000 0.620179 0.000000 0.784461 0.320299 0.320299 0.320299
2428.313477 0.000000 3101.572266 0.000000 0.286012 0.000000 0.958226 0.309193 0.309193 0.309193
2398.810547 0.000000 3099.177979 0.000000 0.949692 0.000000 -0.313185 0.417178 0.417178 0.417178
2414.095703 0.000000 3107.477783 0.000000 0.746925 0.000000 0.664909 0.352786 0.352786 0.352786
2413.780518 0.000000 3115.717041 0.000000 0.499095 0.000000 -0.866548 0.453910 0.453910 0.453910
2399.726807 0.000000 3116.039063 0.000000 0.819358 0.000000 0.573283 0.363725 0.363725 0.363725
2431.735352 0.000000 3075.290527 0.000000 0.999740 0.000000 0.022793 0.399010 0.399010 0.399010
2431.751953 0.000000 3077.964111 0.000000 0.358082 0.000000 0.933690 0.326020 0.326020 0.326020
2452.669189 0.000000 3116.304199 0.000000 0.999120 0.000000 0.041947 0.395328 0.395328 0.395328
2447.718262 0.000000 3098.891113 0.000000 0.450778 0.000000 -0.892636 0.537705 0.537705 0.537705
2446.169189 0.000000 3109.318359 0.000000 0.119103 0.000000 0.992882 0.234043 0.234043 0.234043
2440.464355 0.000000 3113.773926 0.000000 0.411904 0.000000 -0.911227 0.503593 0.503593 0.503593
2438.034912 0.000000 3101.614014 0.000000 0.278014 0.000000 0.960577 0.333705 0.333705 0.333705
2431.751953 0.000000 3117.956299 0.000000 0.999682 0.000000 0.025221 0.398023 0.398023 0.398023
2445.342041 0.000000 3098.159424 0.000000 0.947416 0.000000 -0.320004 0.425372 0.425372 0.425372
2358.671631 0.000000 3153.271973 0.000000 0.410370 0.000000 0.911919 0.263011 0.263011 0.263011
2331.444336 0.000000 3154.287109 0.000000 0.630652 0.000000 0.776065 0.394677 0.394677 0.394677
2320.445068 0.000000 3133.860107 0.000000 0.397533 0.000000 0.917588 0.386656 0.386656 0.386656
2309.818848 0.000000 3158.063477 0.000000 0.515894 0.000000 0.856653 0.372776 0.372776 0.372776
2355.466309 0.000000 3149.649902 0.000000 0.872202 0.000000 -0.489147 0.412250 0.412250 0.412250
2358.836670 0.000000 3144.187256 0.000000 0.815789 0.000000 0.578350 0.380293 0.380293 0.380293
2318.332031 0.000000 3122.338867 0.000000 0.157033 0.000000 -0.987593 0.545349 0.545349 0.545349
2323.622803 0.000000 3132.763916 0.000000 0.508881 0.000000 0.860837 0.364276 0.364276 0.364276
2366.729980 0.000000 3126.800049 0.000000 0.633475 0.000000 -0.773763 0.432691 0.432691 0.432691
2306.431885 0.000000 3125.469727 0.000000 0.775096 0.000000 -0.631844 0.454980 0.454980 0.454980
2321.862305 0.000000 3130.878906 0.000000 0.928544 0.000000 -0.371222 0.419180 0.419180 0.419180
2327.565674 0.000000 3135.210938 0.000000 0.977612 0.000000 -0.210414 0.411326 0.411326 0.411326
2317.357666 0.000000 3138.151611 0.000000 0.780701 0.000000 -0.624905 0.443478 0.443478 0.443478
2334.119141 0.000000 3128.572998 0.000000 0.979168 0.000000 0.203053 0.385298 0.385298 0.385298
2320.392578 0.000000 3121.552490 0.000000 0.508934 0.000000 -0.860805 0.467302 0.467302 0.467302
2331.055420 0.000000 3121.333984 0.000000 0.814558 0.000000 0.580082 0.362613 0.362613 0.362613
2328.874512 0.000000 3130.894775 0.000000 0.916626 0.000000 -0.399747 0.427104 0.427104 0.427104
2325.519043 0.000000 3140.734619 0.000000 0.669213 0.000000 -0.743071 0.456881 0.456881 0.456881
2412.458252 0.000000 3145.706055 0.000000 0.339954 0.000000 -0.940442 0.410389 0.410389 0.410389
2383.571777 0.000000 3129.752686 0.000000 0.635800 0.000000 -0.771854 0.417170 0.417170 0.417170
2430.253418 0.000000 3154.318359 0.000000 0.838515 0.000000 -0.544878 0.412948 0.412948 0.412948
2416.612305 0.000000 3147.610596 0.000000 0.789437 0.000000 0.613831 0.333011 0.333011 0.333011
2406.605469 0.000000 3126.824707 0.000000 0.742208 0.000000 -0.670170 0.474442 0.474442 0.474442
2382.758545 0.000000 3136.292725 0.000000 0.319829 0.000000 -0.947475 0.444767 0.444767 0.444767
2387.067139 0.000000 3121.345947 0.000000 0.994722 0.000000 0.102611 0.394765 0.394765 0.394765
2401.751953 0.000000 3122.484131 0.000000 0.092997 0.000000 -0.995666 0.505507 0.505507 0.505507
2378.998779 0.000000 3149.374756 0.000000 0.999929 0.000000 -0.011946 0.400710 0.400710 0.400710
2411.297607 0.000000 3123.273682 0.000000 0.999730 0.000000 0.023221 0.398725 0.398725 0.398725
2416.041016 0.000000 3122.551270 0.000000 0.318396 0.000000 0.947958 0.340238 0.340238 0.340238
2372.270264 0.000000 3156.109619 0.000000 0.187749 0.000000 0.982217 0.308919 0.308919 0.308919
2422.610840 0.000000 3138.297852 0.000000 0.909299 0.000000 0.416143 0.376855 0.376855 0.376855
2392.866699 0.000000 3130.894775 0.000000 0.433663 0.000000 0.901075 0.333879 0.333879 0.333879
2413.723389 0.000000 3151.277344 0.000000 0.973528 0.000000 -0.228566 0.414047 0.414047 0.414047
2398.678955 0.000000 3119.515137 0.000000 0.244045 0.000000 0.969764 0.318670 0.318670 0.318670
2307.119141 0.000000 3162.866699 0.000000 0.173669 0.000000 0.984804 0.372811 0.372811 0.372811
2344.687988 0.000000 3184.744629 0.000000 0.253994 0.000000 0.967206 0.366540 0.366540 0.366540
2333.633301 0.000000 3191.015137 0.000000 0.121169 0.000000 -0.992632 0.444867 0.444867 0.444867
2329.034668 0.000000 3164.500488 0.000000 0.334884 0.000000 -0.942260 0.441125 0.441125 0.441125
2306.222168 0.000000 3168.679688 0.000000 0.372518 0.000000 0.928025 0.359034 0.359034 0.359034
2323.622803 0.000000 3172.756104 0.000000 0.123595 0.000000 0.992333 0.345094 0.345094 0.345094
2319.778076 0.000000 3181.787598 0.000000 0.217097 0.000000 0.976150 0.357472 0.357472 0.357472
2305.416748 0.000000 3173.325928 0.000000 0.011364 0.000000 -0.999935 0.458398 0.458398 0.458398
2328.461914 0.000000 3188.121094 0.000000 0.415779 0.000000 0.909466 0.348681 0.348681 0.348681
2331.129395 0.000000 3188.003418 0.000000 0.464146 0.000000 0.885759 0.344582 0.344582 0.344582
2306.452637 0.000000 3176.150879 0.000000 0.416071 0.000000 0.909332 0.345845 0.345845 0.345845
2322.514404 0.000000 3174.889648 0.000000 0.506777 0.000000 -0.862077 0.464870 0.464870 0.464870
2333.328613 0.000000 3195.572266 0.000000 0.722958 0.000000 -0.690892 0.452174 0.452174 0.452174
2325.976807 0.000000 3173.369141 0.000000 0.040656 0.000000 -0.999173 0.495501 0.495501 0.495501
2331.568115 0.000000 3192.017578 0.000000 0.146427 0.000000 0.989221 0.325352 0.325352 0.325352
2333.259277 0.000000 3193.265381 0.000000 0.991586 0.000000 0.129449 0.392028 0.392028 0.392028
2374.095947 0.000000 3159.491699 0.000000 0.998637 0.000000 0.052189 0.399374 0.399374 0.399374
2375.296143 0.000000 3191.137207 0.000000 0.246897 0.000000 -0.969042 0.452780 0.452780 0.452780
2381.053711 0.000000 3168.538574 0.000000 0.996934 0.000000 -0.078248 0.403324 0.403324 0.403324
2402.526855 0.000000 3178.265381 0.000000 0.360606 0.000000 0.932718 0.350791 0.350791 0.350791
2414.103760 0.000000 3160.973877 0.000000 0.401986 0.000000 0.915646 0.349157 0.349157 0.349157
2370.874512 0.000000 3180.800781 0.000000 0.112249 0.000000 -0.993680 0.459708 0.459708 0.459708
2375.663574 0.000000 3184.377930 0.000000 0.288418 0.000000 0.957505 0.335539 0.335539 0.335539
2376.892334 0.000000 3189.749512 0.000000 0.737521 0.000000 0.675324 0.352986 0.352986 0.352986
2436.655518 0.000000 3149.511230 0.000000 0.443852 0.000000 -0.896100 0.401664 0.401664 0.401664
2461.896729 0.000000 3147.652832 0.000000 0.314375 0.000000 0.949299 0.255085 0.255085 0.255085
2460.131836 0.000000 3123.217529 0.000000 0.692803 0.000000 -0.721127 0.495714 0.495714 0.495714
2465.507080 0.000000 3151.010254 0.000000 0.355453 0.000000 0.934694 0.383723 0.383723 0.383723
2464.253662 0.000000 3137.007813 0.000000 0.901193 0.000000 0.433418 0.391271 0.391271 0.391271
2460.684326 0.000000 3119.951416 0.000000 0.001920 0.000000 -0.999998 0.452485 0.452485 0.452485
2459.188232 0.000000 3132.391846 0.000000 0.203165 0.000000 -0.979145 0.525518 0.525518 0.525518
2433.242676 0.000000 3138.228027 0.000000 0.797005 0.000000 0.603973 0.369240 0.369240 0.369240
2451.059326 0.000000 3121.345947 0.000000 0.960332 0.000000 -0.278860 0.425399 0.425399 0.425399
2433.289063 0.000000 3143.305420 0.000000 0.314135 0.000000 0.949378 0.350644 0.350644 0.350644
2434.284424 0.000000 3151.287109 0.000000 0.801146 0.000000 0.598469 0.371809 0.371809 0.371809
2458.441895 0.000000 3134.930908 0.000000 0.489241 0.000000 0.872149 0.306357 0.306357 0.306357
2459.113770 0.000000 3148.011230 0.000000 0.641029 0.000000 0.767517 0.359371 0.359371 0.359371
2463.644043 0.000000 3134.591309 0.000000 0.998164 0.000000 0.060565 0.395733 0.395733 0.395733
2455.790283 0.000000 3143.953369 0.000000 0.871605 0.000000 0.490209 0.373396 0.373396 0.373396
2463.454102 0.000000 3149.471436 0.000000 0.999608 0.000000 0.028006 0.398657 0.398657 0.398657
2455.550049 0.000000 3135.210938 0.000000 0.726380 0.000000 0.687293 0.340220 0.340220 0.340220
2474.334229 0.000000 3150.411865 0.000000 0.583649 0.000000 -0.812006 0.453464 0.453464 0.453464
2436.541504 0.000000 3152.006836 0.000000 0.912376 0.000000 -0.409354 0.421901 0.421901 0.421901
2477.798096 0.000000 3143.654541 0.000000 0.295964 0.000000 0.955199 0.318811 0.318811 0.318811
2448.376953 0.000000 3121.552490 0.000000 0.405945 0.000000 0.913897 0.321719 0.321719 0.321719
2459.039795 0.000000 3121.333984 0.000000 0.019418 0.000000 0.999811 0.297750 0.297750 0.297750
2453.503418 0.000000 3140.734619 0.000000 0.430613 0.000000 0.902537 0.325811 0.325811 0.325811
2462.178955 0.000000 3136.512451 0.000000 0.487762 0.000000 0.872977 0.334292 0.334292 0.334292
2457.260498 0.000000 3177.156982 0.000000 0.066803 0.000000 0.997766 0.370714 0.370714 0.370714
2457.810791 0.000000 3179.846436 0.000000 0.730845 0.000000 0.682543 0.372993 0.372993 0.372993
2484.292969 0.000000 3192.063721 0.000000 0.940450 0.000000 -0.339932 0.425804 0.425804 0.425804
2455.790283 0.000000 3183.945557 0.000000 0.232850 0.000000 -0.972513 0.492042 0.492042 0.492042
2487.923828 0.000000 3191.231201 0.000000 0.426728 0.000000 0.904380 0.332298 0.332298 0.332298
2053.680664 0.000000 3234.011719 0.000000 0.163840 0.000000 0.986487 0.381744 0.381744 0.381744
2080.616455 0.000000 3212.220459 0.000000 0.091539 0.000000 -0.995802 0.425849 0.425849 0.425849
2057.358398 0.000000 3213.694092 0.000000 0.975922 0.000000 -0.218118 0.405929 0.405929 0.405929
2063.809326 0.000000 3221.779785 0.000000 0.730900 0.000000 0.682484 0.367745 0.367745 0.367745
2057.564941 0.000000 3217.961914 0.000000 0.270076 0.000000 0.962839 0.350770 0.350770 0.350770
2079.690918 0.000000 3214.575684 0.000000 0.950597 0.000000 -0.310429 0.413554 0.413554 0.413554
2149.710693 0.000000 3222.805664 0.000000 0.401418 0.000000 0.915895 0.383814 0.383814 0.383814
2141.190918 0.000000 3223.891602 0.000000 0.148906 0.000000 -0.988851 0.431226 0.431226 0.431226
2130.518555 0.000000 3217.262939 0.000000 0.996087 0.000000 0.088375 0.396995 0.396995 0.396995
2129.884766 0.000000 3237.958496 0.000000 0.982110 0.000000 -0.188307 0.406905 0.406905 0.406905
2166.504639 0.000000 3213.747803 0.000000 0.900484 0.000000 0.434889 0.387420 0.387420 0.387420
2174.661133 0.000000 3218.035645 0.000000 0.875072 0.000000 0.483994 0.382342 0.382342 0.382342
2145.960938 0.000000 3206.132080 0.000000 0.237209 0.000000 -0.971459 0.449855 0.449855 0.449855
2136.485352 0.000000 3228.113281 0.000000 0.463092 0.000000 -0.886310 0.442969 0.442969 0.442969
2172.344727 0.000000 3221.548828 0.000000 0.039494 0.000000 -0.999220 0.513924 0.513924 0.513924
2135.436035 0.000000 3230.382080 0.000000 0.974321 0.000000 0.225162 0.386392 0.386392 0.386392
2132.302734 0.000000 3233.693848 0.000000 0.531549 0.000000 -0.847027 0.452467 0.452467 0.452467
2130.537842 0.000000 3214.881836 0.000000 0.965892 0.000000 0.258944 0.382737 0.382737 0.382737
2143.916504 0.000000 3244.191406 0.000000 0.983218 0.000000 -0.182433 0.405313 0.405313 0.405313
2157.534668 0.000000 3273.386719 0.000000 0.955680 0.000000 0.294408 0.393285 0.393285 0.393285
2158.126953 0.000000 3267.446533 0.000000 0.367897 0.000000 0.929866 0.345150 0.345150 0.345150
2128.416016 0.000000 3241.529053 0.000000 0.023289 0.000000 -0.999729 0.498131 0.498131 0.498131
2176.293701 0.000000 3220.751465 0.000000 0.348686 0.000000 -0.937240 0.405458 0.405458 0.405458
2219.665283 0.000000 3236.653320 0.000000 0.996749 0.000000 0.080567 0.398631 0.398631 0.398631
2226.823975 0.000000 3208.300049 0.000000 0.914084 0.000000 -0.405524 0.409590 0.409590 0.409590
2232.768066 0.000000 3217.426758 0.000000 0.672362 0.000000 -0.740223 0.419558 0.419558 0.419558
2236.745850 0.000000 3215.635742 0.000000 0.980344 0.000000 -0.197294 0.404958 0.404958 0.404958
2230.496826 0.000000 3213.747803 0.000000 0.072058 0.000000 -0.997400 0.450885 0.450885 0.450885
2210.083740 0.000000 3209.984375 0.000000 0.899208 0.000000 0.437521 0.382138 0.382138 0.382138
2238.867676 0.000000 3221.034668 0.000000 0.404240 0.000000 0.914653 0.343500 0.343500 0.343500
2213.037842 0.000000 3258.787109 0.000000 0.776366 0.000000 0.630282 0.386380 0.386380 0.386380
2205.648926 0.000000 3270.999512 0.000000 0.159334 0.000000 -0.987225 0.438743 0.438743 0.438743
2219.060547 0.000000 3246.655273 0.000000 0.179673 0.000000 -0.983726 0.457611 0.457611 0.457611
2203.260498 0.000000 3277.144531 0.000000 0.855819 0.000000 -0.517275 0.419002 0.419002 0.419002
2221.256592 0.000000 3249.867188 0.000000 0.067029 0.000000 -0.997751 0.478836 0.478836 0.478836
2212.054199 0.000000 3264.824707 0.000000 0.985987 0.000000 -0.166821 0.407615 0.407615 0.407615
2207.485352 0.000000 3269.447998 0.000000 0.815907 0.000000 0.578184 0.370141 0.370141 0.370141
2219.321045 0.000000 3243.250244 0.000000 0.791525 0.000000 0.611136 0.365857 0.365857 0.365857
2225.891357 0.000000 3250.458252 0.000000 0.800391 0.000000 -0.599478 0.438518 0.438518 0.438518
2223.148926 0.000000 3245.336670 0.000000 0.037187 0.000000 -0.999308 0.516393 0.516393 0.516393
2225.436523 0.000000 3252.727783 0.000000 0.990199 0.000000 -0.139663 0.409305 0.409305 0.409305
2206.134766 0.000000 3248.549561 0.000000 0.989878 0.000000 -0.141922 0.407679 0.407679 0.407679
2200.898682 0.000000 3280.718506 0.000000 0.961353 0.000000 -0.275320 0.405431 0.405431 0.405431
2187.279541 0.000000 3282.160645 0.000000 0.987787 0.000000 -0.155809 0.409374 0.409374 0.409374
"}
