object={
	name="tree_muckspunge_generator_1_0"
	clamp_to_water_level=no
	render_under_water=no
	generated_content=yes
	layer="tree_high_layer"
	pdxmesh="tree_muckspunge_01_a_mesh"
	count=67
	transform="4234.525879 0.000000 2764.595215 0.000000 0.138381 0.000000 -0.990379 1.647072 1.647072 1.647072
4244.170898 0.000000 2758.029297 0.000000 0.210500 0.000000 0.977594 0.827004 0.827004 0.827004
4236.991211 0.000000 2765.054199 0.000000 0.866157 0.000000 -0.499772 1.266532 1.266532 1.266532
4249.581055 0.000000 2759.002197 0.000000 0.807308 0.000000 -0.590130 1.121342 1.121342 1.121342
4247.895508 0.000000 2759.065186 0.000000 0.501869 0.000000 -0.864943 1.362649 1.362649 1.362649
4286.781250 0.000000 2774.330078 0.000000 0.629011 0.000000 -0.777396 1.033348 1.033348 1.033348
4246.735840 0.000000 2759.462646 0.000000 0.932390 0.000000 0.361454 0.871663 0.871663 0.871663
4234.822754 0.000000 2765.452148 0.000000 0.009441 0.000000 -0.999955 1.705538 1.705538 1.705538
4237.529785 0.000000 2765.762939 0.000000 0.878563 0.000000 -0.477627 1.253605 1.253605 1.253605
4299.574219 0.000000 2771.827637 0.000000 0.193028 0.000000 -0.981193 1.632338 1.632338 1.632338
4288.260254 0.000000 2775.854248 0.000000 0.788384 0.000000 -0.615184 1.226634 1.226634 1.226634
4298.425781 0.000000 2770.840820 0.000000 0.750525 0.000000 -0.660842 1.331634 1.331634 1.331634
4183.100098 0.000000 2899.282471 0.000000 0.846104 0.000000 0.533019 0.912985 0.912985 0.912985
4193.088379 0.000000 2900.015625 0.000000 0.760689 0.000000 0.649117 0.707239 0.707239 0.707239
4192.500000 0.000000 2901.628662 0.000000 0.844573 0.000000 0.535440 0.765837 0.765837 0.765837
4192.015625 0.000000 2900.296143 0.000000 0.282148 0.000000 0.959371 0.467559 0.467559 0.467559
4143.491699 0.000000 3111.763184 0.000000 0.999970 0.000000 0.007707 1.000000 1.000000 1.000000
4154.179199 0.000000 3104.118164 0.000000 0.223755 0.000000 0.974645 1.000000 1.000000 1.000000
4140.822266 0.000000 3112.092285 0.000000 0.999995 0.000000 -0.003219 1.001141 1.001141 1.001141
4137.376465 0.000000 3113.886475 0.000000 0.902351 0.000000 -0.431001 1.216931 1.216931 1.216931
4145.625488 0.000000 3111.127197 0.000000 0.646825 0.000000 -0.762639 1.080122 1.080122 1.080122
4141.562988 0.000000 3113.875244 0.000000 0.580237 0.000000 0.814448 0.662586 0.662586 0.662586
4135.684082 0.000000 3113.450684 0.000000 0.321831 0.000000 0.946797 0.391706 0.391706 0.391706
4158.069824 0.000000 3096.402588 0.000000 0.999945 0.000000 0.010496 0.996960 0.996960 0.996960
4141.597656 0.000000 3112.814453 0.000000 0.554343 0.000000 0.832289 0.651438 0.651438 0.651438
4135.513184 0.000000 3112.500000 0.000000 0.986298 0.000000 0.164971 0.918905 0.918905 0.918905
4134.925781 0.000000 3113.971924 0.000000 0.683469 0.000000 0.729979 0.599591 0.599591 0.599591
4158.260742 0.000000 3105.261230 0.000000 0.354866 0.000000 0.934917 0.451107 0.451107 0.451107
4136.423340 0.000000 3113.833252 0.000000 0.625897 0.000000 -0.779906 1.435474 1.435474 1.435474
4164.184570 0.000000 3110.059570 0.000000 0.333170 0.000000 -0.942867 1.405713 1.405713 1.405713
4163.121094 0.000000 3106.399170 0.000000 0.898947 0.000000 0.438057 0.915098 0.915098 0.915098
4175.924316 0.000000 3079.243408 0.000000 0.951704 0.000000 -0.307017 1.023372 1.023372 1.023372
4165.034180 0.000000 3094.427734 0.000000 0.351352 0.000000 0.936244 0.382845 0.382845 0.382845
4180.694824 0.000000 3058.516113 0.000000 0.685579 0.000000 0.727999 0.782182 0.782182 0.782182
4167.641602 0.000000 3095.801758 0.000000 0.968162 0.000000 0.250324 1.000000 1.000000 1.000000
4177.599609 0.000000 3077.526367 0.000000 0.996799 0.000000 -0.079954 1.001599 1.001599 1.001599
4162.101074 0.000000 3108.544678 0.000000 0.899433 0.000000 -0.437059 1.081306 1.081306 1.081306
4199.267578 0.000000 3050.223633 0.000000 0.998611 0.000000 -0.052689 1.009212 1.009212 1.009212
4164.100098 0.000000 3092.677246 0.000000 0.467871 0.000000 -0.883797 1.148833 1.148833 1.148833
4166.406738 0.000000 3092.960938 0.000000 0.724330 0.000000 -0.689454 1.058876 1.058876 1.058876
4176.315430 0.000000 3075.000244 0.000000 0.600848 0.000000 -0.799364 1.205803 1.205803 1.205803
4164.041992 0.000000 3108.049805 0.000000 0.894615 0.000000 0.446837 0.891292 0.891292 0.891292
4202.289062 0.000000 3065.757812 0.000000 0.622397 0.000000 -0.782702 1.076309 1.076309 1.076309
4161.179199 0.000000 3099.412354 0.000000 0.991614 0.000000 -0.129232 1.027177 1.027177 1.027177
4189.027344 0.000000 3083.416504 0.000000 0.641321 0.000000 0.767273 0.888645 0.888645 0.888645
4163.886230 0.000000 3097.580322 0.000000 0.488017 0.000000 0.872834 0.613277 0.613277 0.613277
4179.481934 0.000000 3059.498291 0.000000 0.969269 0.000000 -0.246003 1.035991 1.035991 1.035991
4203.687012 0.000000 3063.804932 0.000000 0.782050 0.000000 -0.623216 1.240211 1.240211 1.240211
4181.054688 0.000000 3052.421875 0.000000 0.871841 0.000000 -0.489789 1.039613 1.039613 1.039613
4164.672852 0.000000 3095.946289 0.000000 0.891439 0.000000 0.453141 0.760485 0.760485 0.760485
4165.320312 0.000000 3092.292969 0.000000 0.050874 0.000000 -0.998705 1.208698 1.208698 1.208698
4162.890137 0.000000 3107.645264 0.000000 0.025147 0.000000 0.999684 0.710591 0.710591 0.710591
4163.524414 0.000000 3096.422852 0.000000 0.155187 0.000000 0.987885 0.484246 0.484246 0.484246
4163.347656 0.000000 3109.015625 0.000000 0.670995 0.000000 -0.741462 1.150137 1.150137 1.150137
4203.676270 0.000000 3059.305908 0.000000 0.812355 0.000000 0.583164 0.718654 0.718654 0.718654
4159.781250 0.000000 3096.785645 0.000000 0.410392 0.000000 -0.911909 1.332435 1.332435 1.332435
4162.763184 0.000000 3097.581543 0.000000 0.192422 0.000000 0.981312 0.498028 0.498028 0.498028
4183.552246 0.000000 3053.797852 0.000000 0.943943 0.000000 -0.330109 1.086508 1.086508 1.086508
4174.125488 0.000000 3076.127930 0.000000 0.541835 0.000000 0.840485 0.621216 0.621216 0.621216
4167.720215 0.000000 3125.830811 0.000000 0.999505 0.000000 -0.031449 1.000000 1.000000 1.000000
4168.581543 0.000000 3129.799316 0.000000 0.493827 0.000000 0.869560 1.000000 1.000000 1.000000
4169.184570 0.000000 3123.074707 0.000000 0.518903 0.000000 -0.854833 1.250834 1.250834 1.250834
4169.232422 0.000000 3127.535889 0.000000 0.948408 0.000000 -0.317052 1.051548 1.051548 1.051548
4167.846191 0.000000 3128.490234 0.000000 0.413421 0.000000 -0.910540 1.540071 1.540071 1.540071
4167.410645 0.000000 3127.211426 0.000000 0.551924 0.000000 -0.833894 1.189567 1.189567 1.189567
4166.979980 0.000000 3129.403320 0.000000 0.678732 0.000000 -0.734386 1.389162 1.389162 1.389162
4167.677246 0.000000 3129.942871 0.000000 0.040236 0.000000 -0.999190 1.722186 1.722186 1.722186
"}
object={
	name="tree_muckspunge_generator_1_1"
	clamp_to_water_level=no
	render_under_water=no
	generated_content=yes
	layer="tree_high_layer"
	pdxmesh="tree_muckspunge_01_b_mesh"
	count=36
	transform="4245.211914 0.000000 2759.190186 0.000000 0.662204 0.000000 -0.749323 1.107848 1.107848 1.107848
4237.819824 0.000000 2762.774658 0.000000 0.995795 0.000000 -0.091609 1.036873 1.036873 1.036873
4237.267578 0.000000 2762.062012 0.000000 0.165367 0.000000 -0.986232 1.564598 1.564598 1.564598
4295.779297 0.000000 2771.484863 0.000000 0.396365 0.000000 -0.918093 1.159725 1.159725 1.159725
4288.429199 0.000000 2774.662842 0.000000 0.995528 0.000000 -0.094466 1.032358 1.032358 1.032358
4192.555176 0.000000 2898.455078 0.000000 0.110536 0.000000 0.993872 0.854198 0.854198 0.854198
4193.354492 0.000000 2901.133301 0.000000 0.849662 0.000000 -0.527327 1.230194 1.230194 1.230194
4139.506348 0.000000 3112.972900 0.000000 0.738008 0.000000 0.674792 0.702287 0.702287 0.702287
4137.553711 0.000000 3112.567627 0.000000 0.374745 0.000000 -0.927128 1.577705 1.577705 1.577705
4159.014648 0.000000 3097.257568 0.000000 0.992875 0.000000 0.119161 0.965409 0.965409 0.965409
4138.647949 0.000000 3113.923340 0.000000 0.999621 0.000000 0.027518 0.988938 0.988938 0.988938
4136.519043 0.000000 3112.797852 0.000000 0.737724 0.000000 -0.675103 1.360789 1.360789 1.360789
4134.598633 0.000000 3113.220947 0.000000 0.479244 0.000000 0.877682 0.475933 0.475933 0.475933
4160.103027 0.000000 3104.293213 0.000000 0.904748 0.000000 -0.425947 1.224094 1.224094 1.224094
4165.463867 0.000000 3097.143799 0.000000 0.485256 0.000000 -0.874372 1.034537 1.034537 1.034537
4201.350586 0.000000 3062.007568 0.000000 0.922376 0.000000 -0.386293 1.057429 1.057429 1.057429
4162.077148 0.000000 3094.177246 0.000000 0.815344 0.000000 0.578976 0.813472 0.813472 0.813472
4203.982422 0.000000 3065.190918 0.000000 0.999404 0.000000 0.034533 0.997068 0.997068 0.997068
4174.994629 0.000000 3076.435059 0.000000 0.248529 0.000000 0.968625 0.499231 0.499231 0.499231
4175.810547 0.000000 3073.198486 0.000000 0.358821 0.000000 0.933406 1.000000 1.000000 1.000000
4178.106934 0.000000 3058.659180 0.000000 0.889952 0.000000 0.456054 0.931429 0.931429 0.931429
4202.039551 0.000000 3064.013184 0.000000 0.902457 0.000000 0.430779 0.962197 0.962197 0.962197
4200.147949 0.000000 3060.533691 0.000000 0.770316 0.000000 0.637662 0.987916 0.987916 0.987916
4174.657227 0.000000 3074.332031 0.000000 0.568073 0.000000 -0.822978 1.147208 1.147208 1.147208
4202.339355 0.000000 3056.032227 0.000000 0.560227 0.000000 -0.828339 1.170588 1.170588 1.170588
4165.129883 0.000000 3109.062012 0.000000 0.530324 0.000000 -0.847795 1.237448 1.237448 1.237448
4198.072266 0.000000 3050.563965 0.000000 0.987575 0.000000 -0.157146 1.027577 1.027577 1.027577
4199.098145 0.000000 3051.422607 0.000000 0.061883 0.000000 0.998083 0.736312 0.736312 0.736312
4164.367188 0.000000 3111.176758 0.000000 0.117593 0.000000 0.993062 0.521195 0.521195 0.521195
4190.059570 0.000000 3083.168457 0.000000 0.890157 0.000000 0.455655 0.885430 0.885430 0.885430
4162.497070 0.000000 3095.557373 0.000000 0.543524 0.000000 0.839394 0.699076 0.699076 0.699076
4203.889160 0.000000 3061.302490 0.000000 0.934183 0.000000 0.356795 0.814191 0.814191 0.814191
4160.527832 0.000000 3105.182617 0.000000 0.685397 0.000000 -0.728170 1.415406 1.415406 1.415406
4165.953125 0.000000 3094.566162 0.000000 0.182406 0.000000 -0.983223 1.706578 1.706578 1.706578
4165.273438 0.000000 3095.308838 0.000000 0.748998 0.000000 -0.662572 1.368856 1.368856 1.368856
4166.364258 0.000000 3128.215576 0.000000 0.868315 0.000000 0.496014 0.755110 0.755110 0.755110
"}
object={
	name="tree_muckspunge_generator_1_2"
	clamp_to_water_level=no
	render_under_water=no
	generated_content=yes
	layer="tree_high_layer"
	pdxmesh="tree_muckspunge_01_c_mesh"
	count=42
	transform="4246.451660 0.000000 2758.243408 0.000000 0.827766 0.000000 0.561073 0.793286 0.793286 0.793286
4237.175781 0.000000 2763.878174 0.000000 0.755638 0.000000 -0.654989 1.287056 1.287056 1.287056
4235.613281 0.000000 2765.036621 0.000000 0.991477 0.000000 -0.130281 1.059039 1.059039 1.059039
4237.701172 0.000000 2764.578857 0.000000 0.964850 0.000000 0.262800 0.864566 0.864566 0.864566
4236.162598 0.000000 2765.638672 0.000000 0.943475 0.000000 -0.331443 1.172057 1.172057 1.172057
4299.787598 0.000000 2770.586426 0.000000 0.948800 0.000000 0.315876 0.852369 0.852369 0.852369
4296.874512 0.000000 2771.067871 0.000000 0.286330 0.000000 0.958131 0.565264 0.565264 0.565264
4155.794922 0.000000 3105.942383 0.000000 0.748434 0.000000 0.663209 1.000000 1.000000 1.000000
4134.352051 0.000000 3112.430908 0.000000 0.946694 0.000000 -0.322133 1.160489 1.160489 1.160489
4158.875488 0.000000 3104.515869 0.000000 0.573538 0.000000 -0.819179 1.436187 1.436187 1.436187
4157.231934 0.000000 3107.647217 0.000000 0.233137 0.000000 -0.972444 1.056680 1.056680 1.056680
4157.498047 0.000000 3104.881348 0.000000 0.478695 0.000000 -0.877981 1.264862 1.264862 1.264862
4144.787109 0.000000 3112.102783 0.000000 0.950029 0.000000 -0.312162 1.059443 1.059443 1.059443
4159.056152 0.000000 3105.569336 0.000000 0.195072 0.000000 0.980789 0.375481 0.375481 0.375481
4160.090332 0.000000 3097.995605 0.000000 0.356434 0.000000 0.934321 0.527162 0.527162 0.527162
4182.483887 0.000000 3052.775391 0.000000 0.517762 0.000000 -0.855525 1.263975 1.263975 1.263975
4181.957520 0.000000 3056.286377 0.000000 0.617872 0.000000 0.786278 0.979671 0.979671 0.979671
4162.929199 0.000000 3098.893311 0.000000 0.682208 0.000000 0.731158 1.000000 1.000000 1.000000
4203.854004 0.000000 3062.358154 0.000000 0.647509 0.000000 0.762058 0.690659 0.690659 0.690659
4162.315918 0.000000 3096.558594 0.000000 0.995945 0.000000 0.089963 0.967165 0.967165 0.967165
4188.788574 0.000000 3085.086182 0.000000 0.192222 0.000000 -0.981351 1.306042 1.306042 1.306042
4203.399414 0.000000 3060.434570 0.000000 0.427989 0.000000 -0.903784 1.574755 1.574755 1.574755
4174.313965 0.000000 3078.171143 0.000000 0.669720 0.000000 -0.742614 1.062686 1.062686 1.062686
4191.233887 0.000000 3083.606445 0.000000 0.972897 0.000000 -0.231238 1.056509 1.056509 1.056509
4161.534180 0.000000 3105.313232 0.000000 0.909164 0.000000 -0.416439 1.218755 1.218755 1.218755
4203.083008 0.000000 3058.157227 0.000000 0.353468 0.000000 0.935447 0.453448 0.453448 0.453448
4180.135254 0.000000 3056.878906 0.000000 0.982315 0.000000 0.187236 0.995768 0.995768 0.995768
4200.069824 0.000000 3062.757568 0.000000 0.084337 0.000000 -0.996437 1.215225 1.215225 1.215225
4201.204590 0.000000 3051.115234 0.000000 0.879391 0.000000 -0.476100 1.100345 1.100345 1.100345
4165.420410 0.000000 3110.674072 0.000000 0.917121 0.000000 0.398608 0.864887 0.864887 0.864887
4202.538086 0.000000 3062.777832 0.000000 0.805579 0.000000 0.592488 0.773606 0.773606 0.773606
4183.831055 0.000000 3052.711182 0.000000 0.991429 0.000000 -0.130647 1.033692 1.033692 1.033692
4159.616211 0.000000 3105.499023 0.000000 0.395511 0.000000 0.918461 0.471033 0.471033 0.471033
4160.882324 0.000000 3097.000732 0.000000 0.732688 0.000000 -0.680565 1.293394 1.293394 1.293394
4202.833496 0.000000 3061.562500 0.000000 0.795205 0.000000 -0.606340 1.331781 1.331781 1.331781
4181.828613 0.000000 3059.024170 0.000000 0.659078 0.000000 0.752074 0.772617 0.772617 0.772617
4175.027832 0.000000 3077.454346 0.000000 0.850686 0.000000 0.525675 0.789957 0.789957 0.789957
4202.066895 0.000000 3058.375977 0.000000 0.801553 0.000000 -0.597923 1.289610 1.289610 1.289610
4164.098145 0.000000 3094.547852 0.000000 0.645598 0.000000 -0.763678 1.442573 1.442573 1.442573
4161.458496 0.000000 3096.307617 0.000000 0.505022 0.000000 0.863107 0.591819 0.591819 0.591819
4170.753906 0.000000 3122.927490 0.000000 0.353219 0.000000 -0.935541 1.096649 1.096649 1.096649
4166.150391 0.000000 3129.745850 0.000000 0.934613 0.000000 0.355667 0.828423 0.828423 0.828423
"}
object={
	name="tree_muckspunge_generator_1_3"
	clamp_to_water_level=no
	render_under_water=no
	generated_content=yes
	layer="tree_high_layer"
	pdxmesh="tree_muckspunge_01_d_mesh"
	count=17
	transform="4297.650391 0.000000 2771.905518 0.000000 0.905819 0.000000 -0.423666 1.148541 1.148541 1.148541
4289.489258 0.000000 2775.440918 0.000000 0.917618 0.000000 0.397463 0.860196 0.860196 0.860196
4298.637695 0.000000 2771.736084 0.000000 0.191411 0.000000 0.981510 0.366905 0.366905 0.366905
4191.160645 0.000000 2899.400391 0.000000 0.988865 0.000000 0.148815 1.000000 1.000000 1.000000
4136.474609 0.000000 3111.663818 0.000000 0.999809 0.000000 -0.019559 1.000000 1.000000 1.000000
4145.145996 0.000000 3113.382568 0.000000 0.999961 0.000000 -0.008834 1.001654 1.001654 1.001654
4156.169922 0.000000 3104.302246 0.000000 0.659340 0.000000 0.751845 0.789704 0.789704 0.789704
4140.488770 0.000000 3113.555420 0.000000 0.664447 0.000000 0.747335 0.700779 0.700779 0.700779
4138.479980 0.000000 3112.880859 0.000000 0.190839 0.000000 -0.981621 1.554193 1.554193 1.554193
4187.304688 0.000000 3083.522461 0.000000 0.666436 0.000000 -0.745562 1.000000 1.000000 1.000000
4203.712402 0.000000 3056.472656 0.000000 0.998153 0.000000 0.060744 0.989378 0.989378 0.989378
4163.466797 0.000000 3095.196045 0.000000 0.250559 0.000000 0.968101 0.601995 0.601995 0.601995
4161.675781 0.000000 3097.996582 0.000000 0.037936 0.000000 -0.999280 1.600813 1.600813 1.600813
4189.850586 0.000000 3085.517578 0.000000 0.382651 0.000000 -0.923893 1.261773 1.261773 1.261773
4202.703613 0.000000 3059.677490 0.000000 0.412232 0.000000 0.911079 0.482199 0.482199 0.482199
4175.910645 0.000000 3076.013916 0.000000 0.996051 0.000000 0.088778 0.966266 0.966266 0.966266
4168.860352 0.000000 3126.300781 0.000000 0.971294 0.000000 0.237881 0.961624 0.961624 0.961624
"}
