object={
	name="tree_pine_impassable_01_a_generator_1_0"
	clamp_to_water_level=no
	render_under_water=no
	generated_content=yes
	layer="tree_high_layer"
	pdxmesh="tree_pine_impassable_01_a_mesh"
	count=60
	transform="2836.426270 0.000000 3184.612061 0.000000 0.785585 0.000000 0.618753 0.400000 0.400000 0.400000
2826.179932 0.000000 3197.674316 0.000000 0.303570 0.000000 0.952809 0.400000 0.400000 0.400000
2831.899902 0.000000 3443.608887 0.000000 0.235889 0.000000 0.971780 0.400000 0.400000 0.400000
3310.089111 0.000000 2925.986816 0.000000 0.689770 0.000000 0.724028 0.400000 0.400000 0.400000
3237.474121 0.000000 2996.120361 0.000000 0.899798 0.000000 -0.436307 0.400000 0.400000 0.400000
3235.274658 0.000000 3005.086182 0.000000 0.011120 0.000000 -0.999938 0.400000 0.400000 0.400000
3260.137939 0.000000 3020.224854 0.000000 0.270216 0.000000 -0.962800 0.400000 0.400000 0.400000
3263.105957 0.000000 3035.462891 0.000000 0.992847 0.000000 0.119396 0.400000 0.400000 0.400000
3232.053223 0.000000 2999.363037 0.000000 0.605266 0.000000 -0.796024 0.400000 0.400000 0.400000
3260.909668 0.000000 2997.902344 0.000000 0.785991 0.000000 -0.618238 0.400000 0.400000 0.400000
3250.509766 0.000000 3003.236572 0.000000 0.461752 0.000000 0.887009 0.400000 0.400000 0.400000
3241.281738 0.000000 3015.225830 0.000000 0.024981 0.000000 -0.999688 0.400000 0.400000 0.400000
3235.776855 0.000000 3001.174316 0.000000 0.254519 0.000000 -0.967068 0.400000 0.400000 0.400000
3256.156738 0.000000 3020.590332 0.000000 0.936539 0.000000 0.350563 0.400000 0.400000 0.400000
3252.630127 0.000000 3005.944092 0.000000 0.839666 0.000000 0.543103 0.400000 0.400000 0.400000
3310.113281 0.000000 3015.310791 0.000000 0.520032 0.000000 -0.854147 0.400000 0.400000 0.400000
3298.315918 0.000000 3023.093506 0.000000 0.043837 0.000000 0.999039 0.400000 0.400000 0.400000
3264.378174 0.000000 3033.248047 0.000000 0.893219 0.000000 -0.449623 0.400000 0.400000 0.400000
3264.199707 0.000000 3018.011230 0.000000 0.395252 0.000000 0.918573 0.400000 0.400000 0.400000
3291.283203 0.000000 3020.318848 0.000000 0.629194 0.000000 0.777249 0.400000 0.400000 0.400000
3298.431396 0.000000 3018.053467 0.000000 0.548237 0.000000 0.836323 0.400000 0.400000 0.400000
3263.794922 0.000000 3028.928955 0.000000 0.989028 0.000000 0.147729 0.400000 0.400000 0.400000
3263.666748 0.000000 3002.992920 0.000000 0.113742 0.000000 0.993510 0.400000 0.400000 0.400000
3322.580078 0.000000 2982.296143 0.000000 0.635070 0.000000 -0.772454 0.400000 0.400000 0.400000
3313.233398 0.000000 3017.435791 0.000000 0.983963 0.000000 -0.178371 0.400000 0.400000 0.400000
3132.011230 0.000000 3090.386475 0.000000 0.263150 0.000000 -0.964755 0.400000 0.400000 0.400000
3079.349854 0.000000 3078.386475 0.000000 0.229636 0.000000 -0.973276 0.400000 0.400000 0.400000
3127.402344 0.000000 3109.328369 0.000000 0.307762 0.000000 0.951463 0.400000 0.400000 0.400000
3087.452637 0.000000 3090.457520 0.000000 0.986054 0.000000 -0.166427 0.400000 0.400000 0.400000
3130.284668 0.000000 3093.473877 0.000000 0.521548 0.000000 -0.853222 0.400000 0.400000 0.400000
3087.127441 0.000000 3076.435059 0.000000 0.021086 0.000000 0.999778 0.400000 0.400000 0.400000
3091.093262 0.000000 3096.169922 0.000000 0.944878 0.000000 0.327422 0.400000 0.400000 0.400000
3184.077393 0.000000 3117.670410 0.000000 0.997433 0.000000 -0.071609 0.400000 0.400000 0.400000
3186.980957 0.000000 3109.239502 0.000000 0.610652 0.000000 0.791899 0.400000 0.400000 0.400000
3183.377197 0.000000 3114.725098 0.000000 0.604055 0.000000 -0.796943 0.400000 0.400000 0.400000
3137.229248 0.000000 3080.842773 0.000000 0.174584 0.000000 0.984642 0.400000 0.400000 0.400000
3232.435547 0.000000 3065.277588 0.000000 0.980580 0.000000 0.196117 0.400000 0.400000 0.400000
3260.137939 0.000000 3100.209229 0.000000 0.891245 0.000000 -0.453523 0.400000 0.400000 0.400000
3246.121094 0.000000 3095.295166 0.000000 0.358934 0.000000 0.933363 0.400000 0.400000 0.400000
3241.281738 0.000000 3095.210205 0.000000 0.446854 0.000000 0.894607 0.400000 0.400000 0.400000
3243.330811 0.000000 3092.356445 0.000000 0.539860 0.000000 0.841755 0.400000 0.400000 0.400000
3262.002197 0.000000 3097.915527 0.000000 0.615787 0.000000 0.787912 0.400000 0.400000 0.400000
3295.757080 0.000000 3089.910156 0.000000 0.958282 0.000000 0.285823 0.400000 0.400000 0.400000
3264.199707 0.000000 3097.995605 0.000000 0.049318 0.000000 0.998783 0.400000 0.400000 0.400000
3268.150146 0.000000 3101.760010 0.000000 0.004854 0.000000 0.999988 0.400000 0.400000 0.400000
3303.652832 0.000000 3085.671387 0.000000 0.042885 0.000000 -0.999080 0.400000 0.400000 0.400000
3330.178711 0.000000 2934.208496 0.000000 0.397126 0.000000 0.917764 0.400000 0.400000 0.400000
3383.529053 0.000000 3001.099854 0.000000 0.976985 0.000000 -0.213310 0.400000 0.400000 0.400000
3370.258545 0.000000 3009.076416 0.000000 0.471941 0.000000 0.881630 0.400000 0.400000 0.400000
3360.157959 0.000000 2973.647217 0.000000 0.993947 0.000000 -0.109861 0.400000 0.400000 0.400000
3360.419922 0.000000 2985.293213 0.000000 0.398147 0.000000 -0.917322 0.400000 0.400000 0.400000
3341.069824 0.000000 2993.681396 0.000000 0.943954 0.000000 -0.330076 0.400000 0.400000 0.400000
3374.105469 0.000000 3015.310791 0.000000 0.710053 0.000000 0.704148 0.400000 0.400000 0.400000
3355.339600 0.000000 2987.943848 0.000000 0.739873 0.000000 0.672747 0.400000 0.400000 0.400000
3383.768555 0.000000 3006.625000 0.000000 0.924674 0.000000 -0.380759 0.400000 0.400000 0.400000
3385.972412 0.000000 2986.421387 0.000000 0.763065 0.000000 0.646322 0.400000 0.400000 0.400000
3374.593994 0.000000 3010.767578 0.000000 0.653949 0.000000 0.756538 0.400000 0.400000 0.400000
3359.642334 0.000000 2989.248535 0.000000 0.111700 0.000000 0.993742 0.400000 0.400000 0.400000
3099.370850 0.000000 3547.834473 0.000000 0.779556 0.000000 -0.626332 0.400000 0.400000 0.400000
3097.231934 0.000000 3550.048584 0.000000 0.939453 0.000000 0.342677 0.400000 0.400000 0.400000
"}
