object={
	name="tree_leaf_2_high_generator_1_0"
	clamp_to_water_level=no
	render_under_water=no
	generated_content=yes
	layer="tree_high_layer"
	pdxmesh="tree_leaf_01_a_mesh"
	count=433
	transform="2484.816895 0.000000 3018.922852 0.000000 0.715001 0.000000 -0.699124 0.657983 0.657983 0.657983
2492.089355 0.000000 3010.402100 0.000000 0.656375 0.000000 -0.754435 0.722920 0.722920 0.722920
2492.231689 0.000000 3020.224854 0.000000 0.971638 0.000000 -0.236474 0.619311 0.619311 0.619311
2486.905762 0.000000 3012.804932 0.000000 0.406611 0.000000 -0.913602 0.615531 0.615531 0.615531
2495.606445 0.000000 3006.797607 0.000000 0.975243 0.000000 -0.221137 0.615698 0.615698 0.615698
2491.459961 0.000000 3007.082031 0.000000 0.680970 0.000000 -0.732311 0.693546 0.693546 0.693546
2485.279053 0.000000 3015.622314 0.000000 0.721042 0.000000 -0.692891 0.624080 0.624080 0.624080
2491.462891 0.000000 3017.362305 0.000000 0.145989 0.000000 -0.989286 0.736542 0.736542 0.736542
2487.122070 0.000000 3018.535400 0.000000 0.925678 0.000000 -0.378312 0.686011 0.686011 0.686011
2488.110107 0.000000 3014.720947 0.000000 0.723768 0.000000 0.690043 0.552089 0.552089 0.552089
2489.813721 0.000000 3018.978271 0.000000 0.899106 0.000000 0.437730 0.473767 0.473767 0.473767
2493.570557 0.000000 3007.248535 0.000000 0.850653 0.000000 -0.525728 0.658874 0.658874 0.658874
2486.246582 0.000000 3020.467041 0.000000 0.636029 0.000000 0.771665 0.458722 0.458722 0.458722
2491.187256 0.000000 3008.845459 0.000000 0.845887 0.000000 0.533362 0.488765 0.488765 0.488765
2489.333008 0.000000 3022.876465 0.000000 0.854243 0.000000 -0.519874 0.677798 0.677798 0.677798
2491.153809 0.000000 3018.789551 0.000000 0.274758 0.000000 0.961513 0.375423 0.375423 0.375423
2523.507812 0.000000 3003.538086 0.000000 0.131867 0.000000 0.991267 0.328491 0.328491 0.328491
2495.907471 0.000000 3010.429688 0.000000 0.585240 0.000000 -0.810860 0.723233 0.723233 0.723233
2521.799561 0.000000 2976.184570 0.000000 0.994674 0.000000 -0.103074 0.606806 0.606806 0.606806
2521.096680 0.000000 2997.456787 0.000000 0.158976 0.000000 0.987282 0.580976 0.580976 0.580976
2528.139160 0.000000 2999.363037 0.000000 0.519269 0.000000 0.854611 0.523246 0.523246 0.523246
2518.236084 0.000000 3004.962158 0.000000 0.079493 0.000000 0.996835 0.468209 0.468209 0.468209
2510.149414 0.000000 2975.090332 0.000000 0.998324 0.000000 0.057864 0.597312 0.597312 0.597312
2518.687012 0.000000 2972.791016 0.000000 0.618729 0.000000 0.785605 0.571574 0.571574 0.571574
2504.784424 0.000000 2969.830566 0.000000 0.975583 0.000000 -0.219633 0.607297 0.607297 0.607297
2518.600830 0.000000 3000.627930 0.000000 0.813285 0.000000 -0.581865 0.693955 0.693955 0.693955
2499.281494 0.000000 3008.254395 0.000000 0.850390 0.000000 -0.526153 0.630708 0.630708 0.630708
2525.617432 0.000000 2976.191406 0.000000 0.483730 0.000000 -0.875217 0.635126 0.635126 0.635126
2511.391357 0.000000 3002.262207 0.000000 0.989868 0.000000 -0.141993 0.605335 0.605335 0.605335
2526.386719 0.000000 3002.087158 0.000000 0.722849 0.000000 -0.691006 0.650281 0.650281 0.650281
2520.594727 0.000000 3002.950928 0.000000 0.373140 0.000000 0.927775 0.418425 0.418425 0.418425
2521.302246 0.000000 2990.157959 0.000000 0.790677 0.000000 -0.612233 0.770744 0.770744 0.770744
2512.127197 0.000000 2999.259033 0.000000 0.997605 0.000000 0.069162 0.594298 0.594298 0.594298
2516.611084 0.000000 3002.870117 0.000000 0.430507 0.000000 0.902587 0.363921 0.363921 0.363921
2520.967041 0.000000 3000.392334 0.000000 0.473411 0.000000 0.880842 0.496690 0.496690 0.496690
2517.948242 0.000000 2988.847656 0.000000 0.028515 0.000000 -0.999593 0.761716 0.761716 0.761716
2527.517578 0.000000 2996.804443 0.000000 0.293136 0.000000 -0.956071 0.704902 0.704902 0.704902
2500.995361 0.000000 3006.534668 0.000000 0.935257 0.000000 0.353969 0.576153 0.576153 0.576153
2497.011475 0.000000 3008.285156 0.000000 0.304429 0.000000 -0.952535 0.686920 0.686920 0.686920
2504.554688 0.000000 3005.161621 0.000000 0.561363 0.000000 0.827570 0.534294 0.534294 0.534294
2521.677490 0.000000 3004.812744 0.000000 0.718871 0.000000 -0.695143 0.679442 0.679442 0.679442
2525.448486 0.000000 2988.691406 0.000000 0.986938 0.000000 -0.161100 0.615512 0.615512 0.615512
2519.315918 0.000000 2993.271484 0.000000 0.996341 0.000000 -0.085466 0.611792 0.611792 0.611792
2522.487061 0.000000 3001.822266 0.000000 0.366365 0.000000 0.930471 0.472834 0.472834 0.472834
2529.232910 0.000000 2997.656494 0.000000 0.240465 0.000000 0.970658 0.486617 0.486617 0.486617
2522.842529 0.000000 2991.292725 0.000000 0.147731 0.000000 0.989028 0.250543 0.250543 0.250543
2517.475830 0.000000 2993.046875 0.000000 0.441230 0.000000 -0.897394 0.706780 0.706780 0.706780
2516.733887 0.000000 2990.877686 0.000000 0.839822 0.000000 0.542863 0.494272 0.494272 0.494272
2514.906982 0.000000 2999.088867 0.000000 0.834963 0.000000 0.550306 0.485652 0.485652 0.485652
2522.912842 0.000000 2989.581299 0.000000 0.675807 0.000000 0.737078 0.495723 0.495723 0.495723
2512.384521 0.000000 3003.822021 0.000000 0.996328 0.000000 0.085617 0.588058 0.588058 0.588058
2513.031494 0.000000 3000.604248 0.000000 0.720939 0.000000 -0.692999 0.723863 0.723863 0.723863
2519.970703 0.000000 3001.551514 0.000000 0.995949 0.000000 0.089925 0.586377 0.586377 0.586377
2516.057617 0.000000 3001.666504 0.000000 0.846840 0.000000 0.531848 0.422758 0.422758 0.422758
2541.595947 0.000000 3080.566650 0.000000 0.160652 0.000000 0.987011 0.139748 0.139748 0.139748
2546.673584 0.000000 3088.702148 0.000000 0.718658 0.000000 0.695364 0.542410 0.542410 0.542410
2550.897949 0.000000 3092.789307 0.000000 0.421675 0.000000 -0.906747 0.895957 0.895957 0.895957
2542.695557 0.000000 3090.751953 0.000000 0.492783 0.000000 0.870152 0.490905 0.490905 0.490905
2538.347900 0.000000 3077.678955 0.000000 0.349589 0.000000 -0.936903 0.694535 0.694535 0.694535
2538.958496 0.000000 3083.410156 0.000000 0.487485 0.000000 0.873131 0.522081 0.522081 0.522081
2545.217773 0.000000 3079.526611 0.000000 0.491290 0.000000 0.870996 0.371955 0.371955 0.371955
2547.786865 0.000000 3091.160889 0.000000 0.293279 0.000000 0.956027 0.388315 0.388315 0.388315
2545.239014 0.000000 3090.842285 0.000000 0.990887 0.000000 -0.134696 0.638857 0.638857 0.638857
2552.102295 0.000000 3094.705322 0.000000 0.999749 0.000000 -0.022404 0.608559 0.608559 0.608559
2553.805908 0.000000 3098.962646 0.000000 0.753271 0.000000 -0.657710 0.712894 0.712894 0.712894
2543.137695 0.000000 3078.808350 0.000000 0.899759 0.000000 -0.436386 0.697406 0.697406 0.697406
2553.683350 0.000000 3085.983887 0.000000 0.253575 0.000000 -0.967316 0.897306 0.897306 0.897306
2540.271484 0.000000 3081.939697 0.000000 0.683416 0.000000 -0.730030 0.867236 0.867236 0.867236
2552.816162 0.000000 3092.339600 0.000000 0.854373 0.000000 -0.519660 0.648294 0.648294 0.648294
2548.453613 0.000000 3097.154785 0.000000 0.560086 0.000000 0.828434 0.408421 0.408421 0.408421
2545.073975 0.000000 3089.198975 0.000000 0.277693 0.000000 -0.960670 0.895510 0.895510 0.895510
2540.164795 0.000000 3079.716553 0.000000 0.341165 0.000000 -0.940004 1.013903 1.013903 1.013903
2550.459717 0.000000 3094.456299 0.000000 0.639629 0.000000 0.768683 0.265095 0.265095 0.265095
2557.755127 0.000000 3099.467773 0.000000 0.986488 0.000000 0.163833 0.554640 0.554640 0.554640
2556.483398 0.000000 3098.568848 0.000000 0.531868 0.000000 0.846827 0.321627 0.321627 0.321627
2556.944336 0.000000 3096.756592 0.000000 0.284515 0.000000 -0.958672 1.089801 1.089801 1.089801
2549.869141 0.000000 3097.723633 0.000000 0.654131 0.000000 0.756382 0.431682 0.431682 0.431682
2538.888672 0.000000 3079.042725 0.000000 0.160386 0.000000 0.987054 0.308592 0.308592 0.308592
2546.813965 0.000000 3090.132080 0.000000 0.907525 0.000000 -0.419997 0.672068 0.672068 0.672068
2552.454102 0.000000 3085.268799 0.000000 0.200746 0.000000 -0.979643 0.909577 0.909577 0.909577
2552.581543 0.000000 3098.315430 0.000000 0.034216 0.000000 -0.999415 0.841676 0.841676 0.841676
2553.540039 0.000000 3094.622803 0.000000 0.460871 0.000000 -0.887467 1.017045 1.017045 1.017045
2559.086182 0.000000 3098.950195 0.000000 0.946474 0.000000 0.322781 0.538460 0.538460 0.538460
2554.090820 0.000000 3097.598145 0.000000 0.344376 0.000000 0.938832 0.134291 0.134291 0.134291
2555.145996 0.000000 3098.773926 0.000000 0.544085 0.000000 -0.839030 0.925079 0.925079 0.925079
2541.849609 0.000000 3079.238770 0.000000 0.889391 0.000000 -0.457147 0.760730 0.760730 0.760730
2555.838623 0.000000 3096.031738 0.000000 0.595910 0.000000 0.803051 0.243850 0.243850 0.243850
2589.527100 0.000000 3034.338623 0.000000 0.435621 0.000000 0.900130 0.588256 0.588256 0.588256
2588.054443 0.000000 3037.674316 0.000000 0.949865 0.000000 -0.312661 0.619530 0.619530 0.619530
2586.484619 0.000000 3038.750732 0.000000 0.558473 0.000000 0.829523 0.481306 0.481306 0.481306
2586.704102 0.000000 3037.036133 0.000000 0.788572 0.000000 0.614942 0.492854 0.492854 0.492854
2660.921875 0.000000 3039.398438 0.000000 0.531972 0.000000 0.846762 0.512263 0.512263 0.512263
2665.796631 0.000000 3037.795654 0.000000 0.932957 0.000000 0.359989 0.588968 0.588968 0.588968
2626.605469 0.000000 3023.625977 0.000000 0.301443 0.000000 -0.953484 1.083038 1.083038 1.083038
2627.513184 0.000000 3031.737793 0.000000 0.556414 0.000000 0.830905 0.482475 0.482475 0.482475
2628.592041 0.000000 3019.896973 0.000000 0.347383 0.000000 -0.937723 0.747542 0.747542 0.747542
2625.721680 0.000000 3025.328857 0.000000 0.932666 0.000000 0.360742 0.507677 0.507677 0.507677
2625.912842 0.000000 3027.045410 0.000000 0.992019 0.000000 0.126090 0.560420 0.560420 0.560420
2626.427490 0.000000 3022.087158 0.000000 0.455463 0.000000 -0.890255 1.019369 1.019369 1.019369
2629.202881 0.000000 3022.959961 0.000000 0.586281 0.000000 0.810107 0.239290 0.239290 0.239290
2627.434814 0.000000 3024.893311 0.000000 0.806545 0.000000 0.591172 0.358398 0.358398 0.358398
2627.899414 0.000000 3023.274902 0.000000 0.964103 0.000000 -0.265528 0.702656 0.702656 0.702656
2622.613770 0.000000 3064.329346 0.000000 0.122987 0.000000 0.992408 0.517607 0.517607 0.517607
2597.552246 0.000000 3076.104736 0.000000 0.993782 0.000000 0.111343 0.596825 0.596825 0.596825
2587.566895 0.000000 3105.732422 0.000000 0.608301 0.000000 0.793706 0.439310 0.439310 0.439310
2623.184082 0.000000 3115.447266 0.000000 0.970889 0.000000 -0.239530 0.608333 0.608333 0.608333
2580.457520 0.000000 3104.627686 0.000000 0.994821 0.000000 -0.101638 0.602745 0.602745 0.602745
2599.799316 0.000000 3081.307129 0.000000 0.664792 0.000000 -0.747028 0.716253 0.716253 0.716253
2565.264648 0.000000 3072.809082 0.000000 0.352387 0.000000 -0.935855 0.667100 0.667100 0.667100
2613.390137 0.000000 3039.461670 0.000000 0.872719 0.000000 0.488222 0.592360 0.592360 0.592360
2560.285645 0.000000 3097.995605 0.000000 0.906893 0.000000 -0.421360 0.637788 0.637788 0.637788
2603.531738 0.000000 3109.740479 0.000000 0.937119 0.000000 -0.349009 0.633110 0.633110 0.633110
2604.742188 0.000000 3053.762207 0.000000 0.903756 0.000000 -0.428047 0.631141 0.631141 0.631141
2580.282715 0.000000 3108.944824 0.000000 0.755393 0.000000 -0.655272 0.623547 0.623547 0.623547
2603.942383 0.000000 3103.017822 0.000000 0.922696 0.000000 0.385529 0.559093 0.559093 0.559093
2607.678955 0.000000 3111.763184 0.000000 0.871413 0.000000 -0.490550 0.642241 0.642241 0.642241
2583.542969 0.000000 3101.577393 0.000000 0.888748 0.000000 -0.458397 0.655637 0.655637 0.655637
2572.443359 0.000000 3061.550537 0.000000 0.077392 0.000000 0.997001 0.523946 0.523946 0.523946
2600.661865 0.000000 3111.663818 0.000000 0.875098 0.000000 -0.483946 0.634808 0.634808 0.634808
2621.691650 0.000000 3060.741943 0.000000 0.978930 0.000000 0.204198 0.572892 0.572892 0.572892
2591.220215 0.000000 3105.957520 0.000000 0.086315 0.000000 0.996268 0.557754 0.557754 0.557754
2603.724854 0.000000 3106.505859 0.000000 0.853700 0.000000 0.520765 0.531079 0.531079 0.531079
2597.849854 0.000000 3083.453613 0.000000 0.864124 0.000000 0.503279 0.566030 0.566030 0.566030
2599.360352 0.000000 3078.404297 0.000000 0.996943 0.000000 0.078132 0.590159 0.590159 0.590159
2585.200439 0.000000 3098.273926 0.000000 0.236778 0.000000 -0.971564 0.747620 0.747620 0.747620
2568.656738 0.000000 3066.887939 0.000000 0.940257 0.000000 0.340466 0.582306 0.582306 0.582306
2587.926514 0.000000 3097.283691 0.000000 0.134710 0.000000 -0.990885 0.701075 0.701075 0.701075
2601.320557 0.000000 3102.512207 0.000000 0.498764 0.000000 0.866738 0.402084 0.402084 0.402084
2582.473389 0.000000 3111.074463 0.000000 0.947487 0.000000 -0.319794 0.621942 0.621942 0.621942
2602.065186 0.000000 3054.036865 0.000000 0.999955 0.000000 0.009514 0.599344 0.599344 0.599344
2575.910645 0.000000 3062.017090 0.000000 0.828390 0.000000 0.560151 0.498469 0.498469 0.498469
2610.475586 0.000000 3044.607666 0.000000 0.542568 0.000000 -0.840012 0.691127 0.691127 0.691127
2583.700439 0.000000 3104.172119 0.000000 0.966137 0.000000 -0.258029 0.643393 0.643393 0.643393
2603.092041 0.000000 3100.679199 0.000000 0.715598 0.000000 0.698513 0.545556 0.545556 0.545556
2608.260742 0.000000 3043.562988 0.000000 0.985311 0.000000 -0.170768 0.627762 0.627762 0.627762
2610.185547 0.000000 3057.812500 0.000000 0.969107 0.000000 0.246642 0.576855 0.576855 0.576855
2616.807129 0.000000 3057.277100 0.000000 0.487754 0.000000 -0.872981 0.989482 0.989482 0.989482
2601.741943 0.000000 3107.663574 0.000000 0.999359 0.000000 -0.035806 0.602790 0.602790 0.602790
2617.565918 0.000000 3059.925293 0.000000 0.958876 0.000000 0.283825 0.535770 0.535770 0.535770
2621.214844 0.000000 3053.081299 0.000000 0.946477 0.000000 -0.322771 0.633477 0.633477 0.633477
2617.825684 0.000000 3053.407959 0.000000 0.924396 0.000000 0.381434 0.474551 0.474551 0.474551
2605.724609 0.000000 3063.672607 0.000000 0.890755 0.000000 -0.454484 0.632509 0.632509 0.632509
2585.434326 0.000000 3105.386230 0.000000 0.295829 0.000000 0.955241 0.278380 0.278380 0.278380
2602.822754 0.000000 3111.646484 0.000000 0.892919 0.000000 -0.450218 0.641973 0.641973 0.641973
2601.316406 0.000000 3109.759277 0.000000 0.053319 0.000000 -0.998578 0.770478 0.770478 0.770478
2589.409668 0.000000 3105.066406 0.000000 0.926641 0.000000 -0.375948 0.645032 0.645032 0.645032
2620.933350 0.000000 3049.019043 0.000000 0.438117 0.000000 -0.898918 0.829287 0.829287 0.829287
2604.066650 0.000000 3044.673340 0.000000 0.838721 0.000000 0.544561 0.529266 0.529266 0.529266
2573.704590 0.000000 3075.437500 0.000000 0.861244 0.000000 0.508192 0.516954 0.516954 0.516954
2573.606689 0.000000 3062.890625 0.000000 0.998245 0.000000 0.059224 0.590413 0.590413 0.590413
2559.702881 0.000000 3099.976074 0.000000 0.996064 0.000000 0.088636 0.583382 0.583382 0.583382
2622.574219 0.000000 3062.248535 0.000000 0.935798 0.000000 -0.352537 0.649650 0.649650 0.649650
2607.958740 0.000000 3060.436035 0.000000 0.095431 0.000000 -0.995436 0.763523 0.763523 0.763523
2572.520752 0.000000 3069.123535 0.000000 0.785427 0.000000 -0.618955 0.854932 0.854932 0.854932
2572.021484 0.000000 3075.301758 0.000000 0.137668 0.000000 -0.990478 0.823191 0.823191 0.823191
2617.637939 0.000000 3054.979004 0.000000 0.768378 0.000000 -0.639996 0.865277 0.865277 0.865277
2607.092529 0.000000 3049.770264 0.000000 0.937227 0.000000 0.348719 0.547177 0.547177 0.547177
2587.098389 0.000000 3104.262207 0.000000 0.993577 0.000000 0.113158 0.580126 0.580126 0.580126
2573.521484 0.000000 3072.114258 0.000000 0.987453 0.000000 0.157912 0.560094 0.560094 0.560094
2576.290283 0.000000 3077.612305 0.000000 0.765645 0.000000 -0.643263 0.794683 0.794683 0.794683
2606.959473 0.000000 3113.045410 0.000000 0.958153 0.000000 0.286256 0.551729 0.551729 0.551729
2616.712891 0.000000 3052.459473 0.000000 0.248067 0.000000 -0.968743 1.023171 1.023171 1.023171
2616.554932 0.000000 3058.739990 0.000000 0.686413 0.000000 0.727212 0.418266 0.418266 0.418266
2576.975586 0.000000 3076.379150 0.000000 0.939743 0.000000 0.341882 0.502786 0.502786 0.502786
2615.414795 0.000000 3057.518066 0.000000 0.806583 0.000000 -0.591121 0.817893 0.817893 0.817893
2574.630859 0.000000 3072.969727 0.000000 0.971950 0.000000 0.235188 0.536343 0.536343 0.536343
2576.308594 0.000000 3071.554199 0.000000 0.754545 0.000000 0.656249 0.447737 0.447737 0.447737
2584.038574 0.000000 3105.490967 0.000000 0.124120 0.000000 0.992267 0.233855 0.233855 0.233855
2615.512207 0.000000 3056.220215 0.000000 0.861898 0.000000 -0.507082 0.783216 0.783216 0.783216
2571.407715 0.000000 3066.997559 0.000000 0.561423 0.000000 -0.827529 0.808783 0.808783 0.808783
2616.076172 0.000000 3053.587646 0.000000 0.901687 0.000000 -0.432388 0.743334 0.743334 0.743334
2644.645752 0.000000 3113.217773 0.000000 0.997280 0.000000 -0.073707 0.605194 0.605194 0.605194
2686.605957 0.000000 3064.329346 0.000000 0.939309 0.000000 0.343073 0.593181 0.593181 0.593181
2634.720947 0.000000 3084.532715 0.000000 0.563361 0.000000 0.826210 0.332003 0.332003 0.332003
2661.544434 0.000000 3076.104736 0.000000 0.996354 0.000000 0.085310 0.598721 0.598721 0.598721
2652.356689 0.000000 3039.487549 0.000000 0.810030 0.000000 -0.586389 0.618772 0.618772 0.618772
2672.902344 0.000000 3071.139893 0.000000 0.676879 0.000000 -0.736094 0.644612 0.644612 0.644612
2660.709961 0.000000 3044.722412 0.000000 0.896656 0.000000 0.442728 0.570459 0.570459 0.570459
2624.048584 0.000000 3060.271240 0.000000 0.931497 0.000000 -0.363748 0.631787 0.631787 0.631787
2648.496582 0.000000 3062.963867 0.000000 0.958623 0.000000 -0.284679 0.624215 0.624215 0.624215
2654.309814 0.000000 3073.057617 0.000000 0.995692 0.000000 0.092718 0.594715 0.594715 0.594715
2660.921875 0.000000 3119.382812 0.000000 0.951200 0.000000 -0.308573 0.643230 0.643230 0.643230
2631.907959 0.000000 3045.846436 0.000000 0.898741 0.000000 -0.438480 0.616318 0.616318 0.616318
2644.449707 0.000000 3104.627686 0.000000 0.503046 0.000000 -0.864260 0.707871 0.707871 0.707871
2667.243164 0.000000 3046.313721 0.000000 0.430508 0.000000 0.902587 0.566274 0.566274 0.566274
2656.123535 0.000000 3079.347412 0.000000 0.307963 0.000000 -0.951398 0.871298 0.871298 0.871298
2667.230225 0.000000 3073.442871 0.000000 0.916488 0.000000 0.400063 0.577805 0.577805 0.577805
2628.372070 0.000000 3110.059570 0.000000 0.206153 0.000000 0.978520 0.573455 0.573455 0.573455
2658.474365 0.000000 3115.133301 0.000000 0.990026 0.000000 0.140884 0.574803 0.574803 0.574803
2667.523926 0.000000 3109.740479 0.000000 0.076069 0.000000 0.997103 0.499250 0.499250 0.499250
2644.604248 0.000000 3045.019531 0.000000 0.023887 0.000000 0.999715 0.516582 0.516582 0.516582
2663.153320 0.000000 3114.965088 0.000000 0.981825 0.000000 -0.189790 0.626601 0.626601 0.626601
2669.016113 0.000000 3069.110107 0.000000 0.830043 0.000000 -0.557700 0.661147 0.661147 0.661147
2644.274902 0.000000 3108.944824 0.000000 0.473748 0.000000 -0.880660 0.740388 0.740388 0.740388
2641.156494 0.000000 3039.444092 0.000000 0.958119 0.000000 0.286369 0.591734 0.591734 0.591734
2663.173828 0.000000 3048.058838 0.000000 0.765993 0.000000 0.642849 0.568624 0.568624 0.568624
2663.714600 0.000000 3071.319824 0.000000 0.407771 0.000000 0.913084 0.520706 0.520706 0.520706
2632.768799 0.000000 3049.814941 0.000000 0.378209 0.000000 -0.925720 0.630123 0.630123 0.630123
2639.929443 0.000000 3047.574707 0.000000 0.756415 0.000000 0.654092 0.562620 0.562620 0.562620
2665.796631 0.000000 3117.780029 0.000000 0.561468 0.000000 -0.827498 0.721175 0.721175 0.721175
2634.203369 0.000000 3117.689941 0.000000 0.578043 0.000000 0.816006 0.551389 0.551389 0.551389
2664.179199 0.000000 3044.453125 0.000000 0.058982 0.000000 -0.998259 0.658878 0.658878 0.658878
2628.009766 0.000000 3113.500000 0.000000 0.008948 0.000000 -0.999960 0.653809 0.653809 0.653809
2625.168701 0.000000 3051.976318 0.000000 0.999903 0.000000 -0.013939 0.600501 0.600501 0.600501
2624.434082 0.000000 3117.445312 0.000000 0.266053 0.000000 -0.963959 0.759864 0.759864 0.759864
2633.077393 0.000000 3089.804688 0.000000 0.516707 0.000000 0.856162 0.503007 0.503007 0.503007
2654.371094 0.000000 3082.071533 0.000000 0.461799 0.000000 0.886985 0.479091 0.479091 0.479091
2657.304199 0.000000 3082.885742 0.000000 0.240809 0.000000 0.970573 0.460795 0.460795 0.460795
2658.407471 0.000000 3117.950195 0.000000 0.981771 0.000000 0.190070 0.565626 0.565626 0.565626
2646.314697 0.000000 3042.779297 0.000000 0.971572 0.000000 0.236745 0.561333 0.561333 0.561333
2665.582031 0.000000 3049.560303 0.000000 0.821535 0.000000 0.570158 0.558196 0.558196 0.558196
2626.056152 0.000000 3115.359375 0.000000 0.019288 0.000000 0.999814 0.511686 0.511686 0.511686
2642.828125 0.000000 3111.155518 0.000000 0.857362 0.000000 0.514714 0.532779 0.532779 0.532779
2646.465576 0.000000 3111.074463 0.000000 0.720723 0.000000 -0.693223 0.674577 0.674577 0.674577
2630.096924 0.000000 3116.450195 0.000000 0.610836 0.000000 -0.791757 0.694435 0.694435 0.694435
2659.185303 0.000000 3042.596924 0.000000 0.713771 0.000000 0.700379 0.498881 0.498881 0.498881
2639.437256 0.000000 3041.286621 0.000000 0.829323 0.000000 -0.558770 0.641742 0.641742 0.641742
2650.835938 0.000000 3062.324463 0.000000 0.301372 0.000000 0.953507 0.503387 0.503387 0.503387
2645.300781 0.000000 3106.903076 0.000000 0.665020 0.000000 0.746826 0.495157 0.495157 0.495157
2632.406982 0.000000 3116.267090 0.000000 0.604153 0.000000 0.796869 0.408009 0.408009 0.408009
2634.092529 0.000000 3045.361572 0.000000 0.965380 0.000000 -0.260849 0.618184 0.618184 0.618184
2653.962646 0.000000 3078.951660 0.000000 0.681428 0.000000 -0.731885 0.663956 0.663956 0.663956
2643.933838 0.000000 3115.500977 0.000000 0.890610 0.000000 -0.454767 0.647382 0.647382 0.647382
2675.198730 0.000000 3040.191895 0.000000 0.871287 0.000000 -0.490773 0.635347 0.635347 0.635347
2662.372314 0.000000 3046.078613 0.000000 0.338683 0.000000 0.940900 0.515572 0.515572 0.515572
2655.890381 0.000000 3042.729736 0.000000 0.988339 0.000000 -0.152272 0.616029 0.616029 0.616029
2651.371582 0.000000 3044.035156 0.000000 0.779032 0.000000 -0.626984 0.673088 0.673088 0.673088
2647.330566 0.000000 3040.912598 0.000000 0.333417 0.000000 -0.942780 0.708782 0.708782 0.708782
2653.688232 0.000000 3041.185303 0.000000 0.977705 0.000000 0.209983 0.574965 0.574965 0.574965
2665.018066 0.000000 3115.836182 0.000000 0.664821 0.000000 0.747002 0.526713 0.526713 0.526713
2636.264404 0.000000 3118.609375 0.000000 0.109881 0.000000 -0.993945 0.715965 0.715965 0.715965
2628.144775 0.000000 3115.484863 0.000000 0.999955 0.000000 0.009490 0.599175 0.599175 0.599175
2665.977539 0.000000 3039.435303 0.000000 0.982125 0.000000 0.188230 0.581279 0.581279 0.581279
2655.421143 0.000000 3083.606445 0.000000 0.998269 0.000000 -0.058807 0.606522 0.606522 0.606522
2635.814697 0.000000 3080.800537 0.000000 0.767501 0.000000 0.641048 0.492638 0.492638 0.492638
2638.258301 0.000000 3042.889648 0.000000 0.638042 0.000000 0.770001 0.506532 0.506532 0.506532
2656.057129 0.000000 3081.537354 0.000000 0.927179 0.000000 0.374620 0.530978 0.530978 0.530978
2666.669678 0.000000 3041.545410 0.000000 0.019650 0.000000 0.999807 0.425737 0.425737 0.425737
2644.507324 0.000000 3043.333496 0.000000 0.726958 0.000000 0.686682 0.495690 0.495690 0.495690
2647.709473 0.000000 3043.874512 0.000000 0.602646 0.000000 -0.798009 0.749479 0.749479 0.749479
2641.812012 0.000000 3112.390869 0.000000 0.310829 0.000000 0.950466 0.393255 0.393255 0.393255
2626.386963 0.000000 3116.889404 0.000000 0.426480 0.000000 -0.904497 0.792997 0.792997 0.792997
2666.206543 0.000000 3071.277344 0.000000 0.995104 0.000000 0.098834 0.586358 0.586358 0.586358
2659.238770 0.000000 3116.513428 0.000000 0.639784 0.000000 -0.768555 0.757566 0.757566 0.757566
2636.193359 0.000000 3083.904541 0.000000 0.802210 0.000000 0.597041 0.423657 0.423657 0.423657
2643.309570 0.000000 3112.555176 0.000000 0.382250 0.000000 0.924059 0.340485 0.340485 0.340485
2657.617188 0.000000 3079.024170 0.000000 0.914097 0.000000 0.405495 0.509940 0.509940 0.509940
2635.255615 0.000000 3087.791260 0.000000 0.530798 0.000000 0.847498 0.412167 0.412167 0.412167
2654.364258 0.000000 3076.083496 0.000000 0.986486 0.000000 0.163846 0.564005 0.564005 0.564005
2624.110352 0.000000 3118.715332 0.000000 0.800232 0.000000 0.599690 0.460316 0.460316 0.460316
2618.953125 0.000000 3121.322266 0.000000 0.865795 0.000000 -0.500398 0.603140 0.603140 0.603140
2591.843018 0.000000 3169.894531 0.000000 0.999417 0.000000 -0.034151 0.601995 0.601995 0.601995
2623.164062 0.000000 3134.098633 0.000000 0.685673 0.000000 0.727910 0.435136 0.435136 0.435136
2620.835693 0.000000 3126.728271 0.000000 0.820024 0.000000 -0.572329 0.707705 0.707705 0.707705
2623.118408 0.000000 3123.005859 0.000000 0.785949 0.000000 0.618291 0.526113 0.526113 0.526113
2619.621826 0.000000 3134.592773 0.000000 0.140427 0.000000 0.990091 0.542169 0.542169 0.542169
2622.400635 0.000000 3137.427246 0.000000 0.950231 0.000000 -0.311546 0.674508 0.674508 0.674508
2622.056641 0.000000 3120.274902 0.000000 0.103938 0.000000 -0.994584 0.727424 0.727424 0.727424
2622.689209 0.000000 3128.615234 0.000000 0.999351 0.000000 0.036026 0.596869 0.596869 0.596869
2621.214844 0.000000 3133.065674 0.000000 0.079464 0.000000 -0.996838 0.932834 0.932834 0.932834
2620.933350 0.000000 3129.003418 0.000000 0.994543 0.000000 -0.104331 0.623328 0.623328 0.623328
2623.478271 0.000000 3135.964844 0.000000 0.971587 0.000000 0.236683 0.551679 0.551679 0.551679
2622.683594 0.000000 3139.072266 0.000000 0.957750 0.000000 -0.287604 0.711430 0.711430 0.711430
2623.044922 0.000000 3140.966064 0.000000 0.899817 0.000000 0.436268 0.479630 0.479630 0.479630
2626.622070 0.000000 3120.600342 0.000000 0.834166 0.000000 -0.551514 0.712007 0.712007 0.712007
2664.290527 0.000000 3132.058105 0.000000 0.209731 0.000000 -0.977759 0.618328 0.618328 0.618328
2623.985352 0.000000 3128.375000 0.000000 0.802025 0.000000 -0.597290 0.655613 0.655613 0.655613
2631.907959 0.000000 3125.830811 0.000000 0.309647 0.000000 -0.950852 0.709119 0.709119 0.709119
2665.025146 0.000000 3121.044189 0.000000 0.908586 0.000000 -0.417699 0.605809 0.605809 0.605809
2672.323975 0.000000 3125.984131 0.000000 0.019679 0.000000 0.999806 0.541914 0.541914 0.541914
2674.206299 0.000000 3122.110107 0.000000 0.299998 0.000000 -0.953940 0.687241 0.687241 0.687241
2636.426514 0.000000 3122.586670 0.000000 0.955991 0.000000 -0.293397 0.618288 0.618288 0.618288
2661.677490 0.000000 3121.450195 0.000000 0.989640 0.000000 0.143569 0.574967 0.574967 0.574967
2678.299316 0.000000 3128.737793 0.000000 0.724713 0.000000 -0.689050 0.727534 0.727534 0.727534
2628.645996 0.000000 3144.397705 0.000000 0.834126 0.000000 0.551574 0.567619 0.567619 0.567619
2632.648926 0.000000 3146.872314 0.000000 0.690913 0.000000 -0.722938 0.638733 0.638733 0.638733
2640.080322 0.000000 3130.105225 0.000000 0.746860 0.000000 0.664981 0.452891 0.452891 0.452891
2659.185303 0.000000 3122.581299 0.000000 0.708407 0.000000 0.705804 0.482629 0.482629 0.482629
2672.252930 0.000000 3123.547363 0.000000 0.617730 0.000000 -0.786390 0.721999 0.721999 0.721999
2637.770508 0.000000 3124.562988 0.000000 0.269379 0.000000 -0.963034 0.868325 0.868325 0.868325
2679.192383 0.000000 3124.951416 0.000000 0.464555 0.000000 -0.885544 0.707530 0.707530 0.707530
2635.927246 0.000000 3120.652588 0.000000 0.105813 0.000000 -0.994386 0.777726 0.777726 0.777726
2676.778809 0.000000 3127.236328 0.000000 0.712629 0.000000 -0.701541 0.838769 0.838769 0.838769
2672.242432 0.000000 3121.643555 0.000000 0.705409 0.000000 0.708800 0.453672 0.453672 0.453672
2679.312988 0.000000 3130.504883 0.000000 0.974932 0.000000 0.222504 0.569078 0.569078 0.569078
2631.586426 0.000000 3123.621094 0.000000 0.431596 0.000000 -0.902067 0.808875 0.808875 0.808875
2641.446533 0.000000 3128.683350 0.000000 0.233782 0.000000 -0.972289 0.803947 0.803947 0.803947
2674.112549 0.000000 3126.543701 0.000000 0.022632 0.000000 0.999744 0.330992 0.330992 0.330992
2634.349365 0.000000 3121.556152 0.000000 0.919312 0.000000 0.393530 0.550925 0.550925 0.550925
2625.217773 0.000000 3119.442383 0.000000 0.935212 0.000000 -0.354087 0.678613 0.678613 0.678613
2630.136719 0.000000 3120.140625 0.000000 0.813496 0.000000 0.581571 0.374082 0.374082 0.374082
2660.910400 0.000000 3122.958740 0.000000 0.843756 0.000000 -0.536728 0.696747 0.696747 0.696747
2625.792725 0.000000 3140.578125 0.000000 0.951305 0.000000 -0.308252 0.669938 0.669938 0.669938
2638.679932 0.000000 3129.356445 0.000000 0.985529 0.000000 0.169509 0.578313 0.578313 0.578313
2632.182861 0.000000 3121.942871 0.000000 0.458078 0.000000 -0.888912 0.875550 0.875550 0.875550
2636.512939 0.000000 3149.107910 0.000000 0.988362 0.000000 -0.152122 0.633170 0.633170 0.633170
2673.497803 0.000000 3120.830322 0.000000 0.665851 0.000000 -0.746085 0.756426 0.756426 0.756426
2679.619873 0.000000 3128.013916 0.000000 0.686417 0.000000 0.727208 0.463396 0.463396 0.463396
2623.801514 0.000000 3138.906494 0.000000 0.867004 0.000000 -0.498301 0.799251 0.799251 0.799251
2676.366211 0.000000 3128.544189 0.000000 0.937165 0.000000 0.348886 0.514053 0.514053 0.514053
2641.499268 0.000000 3130.076660 0.000000 0.588863 0.000000 -0.808233 0.790319 0.790319 0.790319
2658.630371 0.000000 3121.299072 0.000000 0.988802 0.000000 0.149230 0.570607 0.570607 0.570607
2626.946289 0.000000 3149.672852 0.000000 0.052683 0.000000 0.998611 0.297559 0.297559 0.297559
2640.300781 0.000000 3151.538574 0.000000 0.260227 0.000000 0.965548 0.316003 0.316003 0.316003
2633.191162 0.000000 3120.897705 0.000000 0.953807 0.000000 -0.300419 0.676787 0.676787 0.676787
2625.282715 0.000000 3120.793213 0.000000 0.791563 0.000000 -0.611088 0.765445 0.765445 0.765445
2626.881104 0.000000 3121.891602 0.000000 0.716829 0.000000 -0.697249 0.747934 0.747934 0.747934
2640.015625 0.000000 3131.516846 0.000000 0.884610 0.000000 -0.466332 0.698105 0.698105 0.698105
2687.884033 0.000000 3090.414062 0.000000 0.633987 0.000000 0.773343 0.586757 0.586757 0.586757
2724.914062 0.000000 3119.382812 0.000000 0.976223 0.000000 0.216768 0.536176 0.536176 0.536176
2698.695801 0.000000 3058.483643 0.000000 0.708421 0.000000 -0.705790 0.657511 0.657511 0.657511
2713.002441 0.000000 3110.306641 0.000000 0.924981 0.000000 -0.380012 0.606423 0.606423 0.606423
2715.798340 0.000000 3051.719971 0.000000 0.352413 0.000000 -0.935844 0.663471 0.663471 0.663471
2689.446777 0.000000 3064.894531 0.000000 0.963040 0.000000 -0.269359 0.618792 0.618792 0.618792
2713.949463 0.000000 3095.309082 0.000000 0.894635 0.000000 -0.446798 0.638160 0.638160 0.638160
2695.301025 0.000000 3086.999512 0.000000 0.637472 0.000000 0.770473 0.551251 0.551251 0.551251
2719.214111 0.000000 3085.392334 0.000000 0.871949 0.000000 0.489596 0.589271 0.589271 0.589271
2723.356689 0.000000 3107.021973 0.000000 0.491798 0.000000 -0.870709 0.639569 0.639569 0.639569
2710.577393 0.000000 3080.612305 0.000000 0.903535 0.000000 0.428514 0.586070 0.586070 0.586070
2692.001953 0.000000 3113.500000 0.000000 0.725883 0.000000 -0.687818 0.739746 0.739746 0.739746
2707.054199 0.000000 3086.477783 0.000000 0.860579 0.000000 -0.509317 0.632019 0.632019 0.632019
2696.520020 0.000000 3093.350586 0.000000 0.736014 0.000000 -0.676966 0.637873 0.637873 0.637873
2718.917236 0.000000 3050.444580 0.000000 0.973885 0.000000 -0.227040 0.606862 0.606862 0.606862
2698.085205 0.000000 3080.432129 0.000000 0.287677 0.000000 0.957728 0.544441 0.544441 0.544441
2718.363281 0.000000 3082.071533 0.000000 0.985264 0.000000 0.171038 0.593048 0.593048 0.593048
2712.977295 0.000000 3086.843018 0.000000 0.733591 0.000000 0.679591 0.566422 0.566422 0.566422
2698.541016 0.000000 3107.426270 0.000000 0.989619 0.000000 -0.143716 0.611665 0.611665 0.611665
2696.608154 0.000000 3056.081299 0.000000 0.899113 0.000000 -0.437717 0.631218 0.631218 0.631218
2697.013428 0.000000 3061.018066 0.000000 0.983950 0.000000 0.178442 0.583607 0.583607 0.583607
2692.638184 0.000000 3064.413330 0.000000 0.624893 0.000000 0.780711 0.520831 0.520831 0.520831
2703.990479 0.000000 3073.198486 0.000000 0.189121 0.000000 0.981954 0.409750 0.409750 0.409750
2721.693359 0.000000 3047.461914 0.000000 0.980749 0.000000 -0.195273 0.613542 0.613542 0.613542
2708.496826 0.000000 3101.814697 0.000000 0.713601 0.000000 0.700553 0.543030 0.543030 0.543030
2716.617188 0.000000 3048.922363 0.000000 0.136426 0.000000 -0.990650 0.698806 0.698806 0.698806
2699.336182 0.000000 3098.699707 0.000000 0.006535 0.000000 -0.999979 0.703099 0.703099 0.703099
2690.000977 0.000000 3062.251953 0.000000 0.919220 0.000000 -0.393744 0.633948 0.633948 0.633948
2724.762939 0.000000 3116.560303 0.000000 0.272949 0.000000 0.962028 0.485609 0.485609 0.485609
2690.048340 0.000000 3115.359375 0.000000 0.633834 0.000000 -0.773469 0.692723 0.692723 0.692723
2710.457764 0.000000 3111.074463 0.000000 0.195201 0.000000 -0.980763 0.713226 0.713226 0.713226
2704.052002 0.000000 3100.859619 0.000000 0.994392 0.000000 -0.105760 0.609999 0.609999 0.609999
2687.698730 0.000000 3093.777100 0.000000 0.298514 0.000000 0.954405 0.537337 0.537337 0.537337
2711.427246 0.000000 3095.470947 0.000000 0.679936 0.000000 0.733272 0.524788 0.524788 0.524788
2698.322021 0.000000 3078.015869 0.000000 0.062044 0.000000 -0.998073 0.755936 0.755936 0.755936
2712.943604 0.000000 3080.376709 0.000000 0.995143 0.000000 -0.098445 0.605908 0.605908 0.605908
2721.506104 0.000000 3105.429199 0.000000 0.651601 0.000000 -0.758562 0.673523 0.673523 0.673523
2690.280762 0.000000 3108.544678 0.000000 0.105423 0.000000 0.994428 0.446369 0.446369 0.446369
2692.937744 0.000000 3078.450684 0.000000 0.943290 0.000000 -0.331970 0.621289 0.621289 0.621289
2696.531250 0.000000 3085.145996 0.000000 0.633821 0.000000 0.773480 0.494029 0.494029 0.494029
2717.042725 0.000000 3099.102295 0.000000 0.264797 0.000000 -0.964304 0.693672 0.693672 0.693672
2705.592529 0.000000 3071.864258 0.000000 0.898753 0.000000 -0.438455 0.651671 0.651671 0.651671
2688.893555 0.000000 3092.177979 0.000000 0.938164 0.000000 0.346190 0.553931 0.553931 0.553931
2692.136963 0.000000 3115.484863 0.000000 0.942132 0.000000 -0.335242 0.639943 0.639943 0.639943
2700.496094 0.000000 3059.481201 0.000000 0.872019 0.000000 0.489472 0.540239 0.540239 0.540239
2700.312744 0.000000 3106.486084 0.000000 0.895516 0.000000 0.445029 0.554404 0.554404 0.554404
2690.948730 0.000000 3086.268066 0.000000 0.955521 0.000000 -0.294924 0.630046 0.630046 0.630046
2690.009521 0.000000 3118.581055 0.000000 0.157965 0.000000 0.987445 0.483657 0.483657 0.483657
2711.659424 0.000000 3115.968506 0.000000 0.467154 0.000000 0.884176 0.478137 0.478137 0.478137
2692.221436 0.000000 3108.049805 0.000000 0.438239 0.000000 -0.898859 0.748935 0.748935 0.748935
2691.505371 0.000000 3111.722168 0.000000 0.840334 0.000000 0.542068 0.527057 0.527057 0.527057
2705.906494 0.000000 3101.472900 0.000000 0.490437 0.000000 -0.871477 0.699862 0.699862 0.699862
2712.867920 0.000000 3091.758057 0.000000 0.915909 0.000000 0.401387 0.539368 0.539368 0.539368
2710.476562 0.000000 3113.030029 0.000000 0.125813 0.000000 0.992054 0.431210 0.431210 0.431210
2690.196777 0.000000 3113.537598 0.000000 0.122965 0.000000 -0.992411 0.779967 0.779967 0.779967
2708.935791 0.000000 3096.504395 0.000000 0.044473 0.000000 -0.999011 0.906364 0.906364 0.906364
2693.361816 0.000000 3118.575195 0.000000 0.999001 0.000000 0.044687 0.595313 0.595313 0.595313
2694.070557 0.000000 3063.453125 0.000000 0.260812 0.000000 -0.965390 0.780108 0.780108 0.780108
2706.302002 0.000000 3097.930420 0.000000 0.635947 0.000000 0.771733 0.486436 0.486436 0.486436
2718.978760 0.000000 3107.769775 0.000000 0.991673 0.000000 0.128781 0.582203 0.582203 0.582203
2704.748291 0.000000 3058.253906 0.000000 0.863433 0.000000 -0.504463 0.686333 0.686333 0.686333
2705.848633 0.000000 3057.054443 0.000000 0.563650 0.000000 -0.826014 0.800926 0.800926 0.800926
2701.009033 0.000000 3056.147217 0.000000 0.530565 0.000000 0.847644 0.448480 0.448480 0.448480
2693.000732 0.000000 3112.272949 0.000000 0.977132 0.000000 -0.212634 0.639478 0.639478 0.639478
2702.546631 0.000000 3056.532227 0.000000 0.906711 0.000000 0.421752 0.511306 0.511306 0.511306
2711.735840 0.000000 3098.069336 0.000000 0.616814 0.000000 0.787109 0.454771 0.454771 0.454771
2693.600098 0.000000 3110.674072 0.000000 0.552653 0.000000 0.833412 0.403714 0.403714 0.403714
2701.147949 0.000000 3153.650146 0.000000 0.819199 0.000000 -0.573510 0.692406 0.692406 0.692406
2708.441895 0.000000 3184.612061 0.000000 0.939825 0.000000 0.341655 0.526357 0.526357 0.526357
2713.086182 0.000000 3197.237793 0.000000 0.853662 0.000000 0.520828 0.501528 0.501528 0.501528
2691.442139 0.000000 3125.381348 0.000000 0.186838 0.000000 -0.982391 0.649714 0.649714 0.649714
2704.274658 0.000000 3191.807861 0.000000 0.505523 0.000000 0.862813 0.515811 0.515811 0.515811
2724.544434 0.000000 3135.067627 0.000000 0.020726 0.000000 0.999785 0.226175 0.226175 0.226175
2706.115723 0.000000 3196.833740 0.000000 0.966874 0.000000 -0.255253 0.608119 0.608119 0.608119
2727.166016 0.000000 3128.043213 0.000000 0.933195 0.000000 -0.359371 0.613766 0.613766 0.613766
2705.370361 0.000000 3186.741211 0.000000 0.743558 0.000000 -0.668671 0.674604 0.674604 0.674604
2703.990479 0.000000 3153.182861 0.000000 0.684351 0.000000 0.729153 0.489846 0.489846 0.489846
2714.931885 0.000000 3192.963379 0.000000 0.911197 0.000000 -0.411972 0.617173 0.617173 0.617173
2729.574219 0.000000 3129.544678 0.000000 0.971539 0.000000 -0.236880 0.616479 0.616479 0.616479
2727.240723 0.000000 3134.616943 0.000000 0.641885 0.000000 0.766801 0.367006 0.367006 0.367006
2697.217773 0.000000 3192.479004 0.000000 0.196461 0.000000 -0.980512 0.906453 0.906453 0.906453
2706.247070 0.000000 3183.230713 0.000000 0.124180 0.000000 0.992260 0.420185 0.420185 0.420185
2714.850098 0.000000 3195.419189 0.000000 0.696163 0.000000 0.717884 0.472855 0.472855 0.472855
2693.867920 0.000000 3124.364258 0.000000 0.169072 0.000000 -0.985604 0.679742 0.679742 0.679742
2692.597412 0.000000 3119.399414 0.000000 0.899155 0.000000 -0.437630 0.647495 0.647495 0.647495
2723.660400 0.000000 3120.346436 0.000000 0.966210 0.000000 -0.257754 0.631631 0.631631 0.631631
2714.254883 0.000000 3129.256592 0.000000 0.892074 0.000000 0.451888 0.566287 0.566287 0.566287
2699.445312 0.000000 3152.014893 0.000000 0.360730 0.000000 0.932670 0.369583 0.369583 0.369583
2717.163086 0.000000 3125.290283 0.000000 0.882666 0.000000 0.470001 0.565553 0.565553 0.565553
2689.902344 0.000000 3129.930176 0.000000 0.987432 0.000000 0.158048 0.580743 0.580743 0.580743
2727.379639 0.000000 3122.599854 0.000000 0.766010 0.000000 0.642829 0.543525 0.543525 0.543525
2700.312744 0.000000 3186.470459 0.000000 0.912288 0.000000 0.409548 0.561444 0.561444 0.561444
2706.650391 0.000000 3185.312744 0.000000 0.220949 0.000000 -0.975285 0.900864 0.900864 0.900864
2711.659424 0.000000 3195.952881 0.000000 0.841279 0.000000 0.540601 0.381836 0.381836 0.381836
2712.884521 0.000000 3192.155029 0.000000 0.329336 0.000000 -0.944213 0.753570 0.753570 0.753570
2725.633301 0.000000 3133.485107 0.000000 0.546468 0.000000 0.837480 0.437925 0.437925 0.437925
2701.688965 0.000000 3155.421875 0.000000 0.874372 0.000000 -0.485256 0.650849 0.650849 0.650849
2717.459961 0.000000 3131.368896 0.000000 0.382514 0.000000 0.923950 0.391732 0.391732 0.391732
2724.902588 0.000000 3122.958740 0.000000 0.940350 0.000000 -0.340208 0.656679 0.656679 0.656679
2722.166748 0.000000 3119.541016 0.000000 0.938148 0.000000 0.346235 0.561339 0.561339 0.561339
2704.452637 0.000000 3193.465332 0.000000 0.245132 0.000000 -0.969490 0.895314 0.895314 0.895314
2691.881348 0.000000 3123.806641 0.000000 0.702492 0.000000 0.711692 0.505103 0.505103 0.505103
2725.413574 0.000000 3119.873779 0.000000 0.933084 0.000000 -0.359658 0.707462 0.707462 0.707462
2696.056152 0.000000 3191.409180 0.000000 0.242123 0.000000 0.970246 0.303994 0.303994 0.303994
2725.989502 0.000000 3135.508789 0.000000 0.736970 0.000000 -0.675925 0.778998 0.778998 0.778998
2728.871582 0.000000 3135.149414 0.000000 0.710568 0.000000 -0.703628 0.818625 0.818625 0.818625
2727.128906 0.000000 3121.064209 0.000000 0.909770 0.000000 -0.415114 0.682717 0.682717 0.682717
2705.556152 0.000000 3195.400879 0.000000 0.260356 0.000000 -0.965513 0.789965 0.789965 0.789965
2703.284668 0.000000 3185.003906 0.000000 0.925955 0.000000 0.377635 0.513571 0.513571 0.513571
2720.408691 0.000000 3135.509766 0.000000 0.312553 0.000000 0.949900 0.341004 0.341004 0.341004
2707.501709 0.000000 3194.109375 0.000000 0.572325 0.000000 -0.820027 0.935566 0.935566 0.935566
2729.595215 0.000000 3132.690674 0.000000 0.519098 0.000000 -0.854714 0.781175 0.781175 0.781175
2724.317871 0.000000 3133.041748 0.000000 0.940131 0.000000 -0.340812 0.656784 0.656784 0.656784
2724.247559 0.000000 3121.720947 0.000000 0.923891 0.000000 0.382656 0.485303 0.485303 0.485303
2708.818848 0.000000 3194.552002 0.000000 0.051350 0.000000 -0.998681 1.121202 1.121202 1.121202
2622.032715 0.000000 3245.830322 0.000000 0.592139 0.000000 -0.805836 0.771250 0.771250 0.771250
2623.744873 0.000000 3242.946045 0.000000 0.499005 0.000000 0.866599 0.510490 0.510490 0.510490
2635.482666 0.000000 3264.425049 0.000000 0.986548 0.000000 -0.163473 0.606887 0.606887 0.606887
2624.749023 0.000000 3234.799316 0.000000 0.645219 0.000000 0.763998 0.550508 0.550508 0.550508
2624.814453 0.000000 3245.982666 0.000000 0.803665 0.000000 -0.595083 0.619095 0.619095 0.619095
2630.234619 0.000000 3240.324219 0.000000 0.612217 0.000000 0.790690 0.498915 0.498915 0.498915
2624.901367 0.000000 3252.146729 0.000000 0.465752 0.000000 0.884915 0.381953 0.381953 0.381953
2623.715576 0.000000 3236.304932 0.000000 0.494411 0.000000 -0.869229 0.759406 0.759406 0.759406
2636.195312 0.000000 3263.054932 0.000000 0.560020 0.000000 -0.828479 0.743331 0.743331 0.743331
2625.071777 0.000000 3253.485107 0.000000 0.449980 0.000000 -0.893038 0.821608 0.821608 0.821608
"}
object={
	name="tree_leaf_2_high_generator_1_1"
	clamp_to_water_level=no
	render_under_water=no
	generated_content=yes
	layer="tree_high_layer"
	pdxmesh="tree_leaf_01_b_mesh"
	count=434
	transform="2488.934814 0.000000 3016.812256 0.000000 0.866619 0.000000 -0.498970 0.686861 0.686861 0.686861
2488.250488 0.000000 3020.590332 0.000000 0.454782 0.000000 0.890603 0.361370 0.361370 0.361370
2493.697510 0.000000 3023.300293 0.000000 0.603533 0.000000 0.797338 0.551616 0.551616 0.551616
2488.962891 0.000000 3010.366699 0.000000 0.724189 0.000000 -0.689601 0.625076 0.625076 0.625076
2494.416748 0.000000 3012.339355 0.000000 0.831000 0.000000 0.556272 0.574375 0.574375 0.574375
2494.490479 0.000000 3009.130859 0.000000 0.983888 0.000000 0.178784 0.570382 0.570382 0.570382
2490.281250 0.000000 3021.696045 0.000000 0.918985 0.000000 0.394293 0.504077 0.504077 0.504077
2489.525635 0.000000 3008.124023 0.000000 0.997106 0.000000 -0.076028 0.605244 0.605244 0.605244
2490.508789 0.000000 3011.513916 0.000000 0.294814 0.000000 -0.955555 0.733327 0.733327 0.733327
2486.948486 0.000000 3016.617920 0.000000 0.821937 0.000000 0.569578 0.501057 0.501057 0.501057
2493.821777 0.000000 3010.612305 0.000000 0.197137 0.000000 0.980376 0.402653 0.402653 0.402653
2492.891846 0.000000 3008.749512 0.000000 0.963503 0.000000 -0.267699 0.653585 0.653585 0.653585
2492.998047 0.000000 3011.860352 0.000000 0.839372 0.000000 0.543558 0.517362 0.517362 0.517362
2490.473389 0.000000 3020.267822 0.000000 0.955418 0.000000 -0.295256 0.670936 0.670936 0.670936
2488.589355 0.000000 3018.331055 0.000000 0.985664 0.000000 -0.168718 0.647233 0.647233 0.647233
2488.327148 0.000000 3021.939209 0.000000 0.904709 0.000000 0.426031 0.504410 0.504410 0.504410
2490.779541 0.000000 3022.910645 0.000000 0.960730 0.000000 0.277486 0.547773 0.547773 0.547773
2518.539551 0.000000 2991.343018 0.000000 0.315699 0.000000 0.948859 0.259329 0.259329 0.259329
2514.625488 0.000000 3000.869629 0.000000 0.494698 0.000000 -0.869065 0.945534 0.945534 0.945534
2509.488770 0.000000 2970.509766 0.000000 0.989697 0.000000 0.143179 0.590531 0.590531 0.590531
2511.762939 0.000000 3005.567383 0.000000 0.813574 0.000000 -0.581461 0.618590 0.618590 0.618590
2503.324463 0.000000 3007.015137 0.000000 0.547019 0.000000 0.837120 0.469237 0.469237 0.469237
2531.862793 0.000000 3001.174316 0.000000 0.995184 0.000000 -0.098025 0.602353 0.602353 0.602353
2527.743896 0.000000 2989.248535 0.000000 0.978847 0.000000 -0.204594 0.612963 0.612963 0.612963
2512.755371 0.000000 2972.626709 0.000000 0.927516 0.000000 0.373784 0.574751 0.574751 0.574751
2523.641602 0.000000 3000.003174 0.000000 0.442924 0.000000 -0.896559 0.718258 0.718258 0.718258
2516.382080 0.000000 2997.982422 0.000000 0.702770 0.000000 -0.711417 0.660467 0.660467 0.660467
2496.830078 0.000000 3006.029541 0.000000 0.812897 0.000000 0.582408 0.559025 0.559025 0.559025
2518.160889 0.000000 2976.302002 0.000000 0.165663 0.000000 -0.986182 0.661006 0.661006 0.661006
2515.703125 0.000000 2972.670898 0.000000 0.583291 0.000000 0.812263 0.555978 0.555978 0.555978
2514.090088 0.000000 3003.802246 0.000000 0.811181 0.000000 0.584795 0.454975 0.454975 0.454975
2502.378906 0.000000 3004.706055 0.000000 0.500832 0.000000 -0.865544 0.737913 0.737913 0.737913
2509.021484 0.000000 2972.909912 0.000000 0.554782 0.000000 -0.831996 0.701569 0.701569 0.701569
2518.662598 0.000000 2998.196533 0.000000 0.681725 0.000000 -0.731608 0.661466 0.661466 0.661466
2506.683350 0.000000 2971.163086 0.000000 0.889222 0.000000 -0.457475 0.644128 0.644128 0.644128
2526.586182 0.000000 2991.065186 0.000000 0.700782 0.000000 0.713375 0.491727 0.491727 0.491727
2516.591064 0.000000 3000.468262 0.000000 0.381532 0.000000 -0.924356 0.972747 0.972747 0.972747
2518.669922 0.000000 3002.628418 0.000000 0.925124 0.000000 -0.379664 0.665918 0.665918 0.665918
2519.776855 0.000000 2989.126221 0.000000 0.310066 0.000000 0.950715 0.378077 0.378077 0.378077
2520.647949 0.000000 2992.030029 0.000000 0.898266 0.000000 -0.439453 0.655886 0.655886 0.655886
2513.213379 0.000000 3002.213867 0.000000 0.847243 0.000000 0.531205 0.521985 0.521985 0.521985
2525.230713 0.000000 3003.432129 0.000000 0.543453 0.000000 0.839440 0.474646 0.474646 0.474646
2526.771240 0.000000 3000.431641 0.000000 0.767964 0.000000 -0.640494 0.677054 0.677054 0.677054
2524.844727 0.000000 2992.268066 0.000000 0.201940 0.000000 0.979398 0.360342 0.360342 0.360342
2514.973389 0.000000 3002.475586 0.000000 0.631279 0.000000 -0.775556 0.806081 0.806081 0.806081
2517.422607 0.000000 2999.143311 0.000000 0.518489 0.000000 0.855084 0.427918 0.427918 0.427918
2519.420410 0.000000 3003.981445 0.000000 0.953646 0.000000 -0.300930 0.651739 0.651739 0.651739
2519.848877 0.000000 2990.684326 0.000000 0.746043 0.000000 -0.665898 0.798660 0.798660 0.798660
2517.407715 0.000000 3001.650879 0.000000 0.023120 0.000000 -0.999733 1.089162 1.089162 1.089162
2495.748047 0.000000 3008.932373 0.000000 0.686944 0.000000 0.726710 0.465954 0.465954 0.465954
2557.457764 0.000000 3095.246338 0.000000 0.856247 0.000000 0.516566 0.539828 0.539828 0.539828
2546.486816 0.000000 3093.500732 0.000000 0.865851 0.000000 -0.500301 0.720865 0.720865 0.720865
2552.927002 0.000000 3096.796631 0.000000 0.942062 0.000000 0.335439 0.469338 0.469338 0.469338
2542.991699 0.000000 3076.238281 0.000000 0.819440 0.000000 0.573165 0.514972 0.514972 0.514972
2555.452148 0.000000 3087.066406 0.000000 0.363876 0.000000 0.931447 0.334329 0.334329 0.334329
2549.271240 0.000000 3095.606689 0.000000 0.725373 0.000000 -0.688356 0.890001 0.890001 0.890001
2553.211182 0.000000 3083.790527 0.000000 0.672912 0.000000 0.739722 0.572560 0.572560 0.572560
2538.711914 0.000000 3080.516602 0.000000 0.995227 0.000000 -0.097585 0.618448 0.618448 0.618448
2558.088135 0.000000 3097.915527 0.000000 0.911200 0.000000 -0.411965 0.658515 0.658515 0.658515
2555.455078 0.000000 3097.346680 0.000000 0.684841 0.000000 -0.728692 0.911846 0.911846 0.911846
2540.902344 0.000000 3078.248291 0.000000 0.288296 0.000000 -0.957541 1.032762 1.032762 1.032762
2545.250000 0.000000 3077.018799 0.000000 0.427065 0.000000 -0.904221 0.757355 0.757355 0.757355
2541.173828 0.000000 3083.845947 0.000000 0.341886 0.000000 -0.939741 0.707986 0.707986 0.707986
2547.023438 0.000000 3095.916992 0.000000 0.068257 0.000000 -0.997668 0.692275 0.692275 0.692275
2548.756836 0.000000 3093.259766 0.000000 0.998382 0.000000 -0.056863 0.621732 0.621732 0.621732
2554.626709 0.000000 3095.490234 0.000000 0.311733 0.000000 0.950170 0.149262 0.149262 0.149262
2543.760254 0.000000 3080.938721 0.000000 0.998770 0.000000 0.049584 0.590266 0.590266 0.590266
2550.940674 0.000000 3096.602295 0.000000 0.706722 0.000000 -0.707491 0.900208 0.900208 0.900208
2555.179443 0.000000 3088.829834 0.000000 0.911830 0.000000 -0.410567 0.643728 0.643728 0.643728
2555.951172 0.000000 3094.714600 0.000000 0.988003 0.000000 -0.154437 0.655744 0.655744 0.655744
2547.530762 0.000000 3092.540771 0.000000 0.136703 0.000000 -0.990612 0.930719 0.930719 0.930719
2585.101807 0.000000 3037.269043 0.000000 0.920682 0.000000 0.390313 0.574173 0.574173 0.574173
2622.030029 0.000000 3031.652832 0.000000 0.340793 0.000000 0.940138 0.552368 0.552368 0.552368
2624.290771 0.000000 3024.308838 0.000000 0.654806 0.000000 -0.755797 0.814350 0.814350 0.814350
2629.651367 0.000000 3017.159424 0.000000 0.211691 0.000000 0.977337 0.579666 0.579666 0.579666
2633.210938 0.000000 3020.961426 0.000000 0.588249 0.000000 -0.808680 0.633862 0.633862 0.633862
2628.372070 0.000000 3030.075195 0.000000 0.463876 0.000000 -0.885900 0.622826 0.622826 0.622826
2678.030029 0.000000 3037.830566 0.000000 0.613676 0.000000 0.789558 0.572735 0.572735 0.572735
2625.801270 0.000000 3030.900146 0.000000 0.046290 0.000000 -0.998928 0.798671 0.798671 0.798671
2624.432373 0.000000 3026.658936 0.000000 0.046212 0.000000 0.998932 0.122708 0.122708 0.122708
2629.312988 0.000000 3026.349121 0.000000 0.192771 0.000000 -0.981244 0.855733 0.855733 0.855733
2628.229248 0.000000 3028.065430 0.000000 0.983394 0.000000 0.181484 0.583325 0.583325 0.583325
2626.775635 0.000000 3020.657715 0.000000 0.221595 0.000000 -0.975139 0.912826 0.912826 0.912826
2667.630859 0.000000 3038.604980 0.000000 0.546843 0.000000 0.837235 0.484072 0.484072 0.484072
2631.749268 0.000000 3024.185791 0.000000 0.711905 0.000000 0.702276 0.479874 0.479874 0.479874
2630.290283 0.000000 3024.294922 0.000000 0.970976 0.000000 -0.239179 0.637263 0.637263 0.637263
2624.921875 0.000000 3028.017334 0.000000 0.779091 0.000000 -0.626911 0.793859 0.793859 0.793859
2600.692383 0.000000 3099.924805 0.000000 0.997446 0.000000 0.071431 0.599036 0.599036 0.599036
2619.028320 0.000000 3058.165283 0.000000 0.975980 0.000000 -0.217862 0.638820 0.638820 0.638820
2603.250977 0.000000 3046.313721 0.000000 0.869636 0.000000 -0.493693 0.627843 0.627843 0.627843
2607.646729 0.000000 3064.559814 0.000000 0.522567 0.000000 0.852598 0.552592 0.552592 0.552592
2600.514404 0.000000 3105.636719 0.000000 0.133644 0.000000 -0.991029 0.748498 0.748498 0.748498
2578.437744 0.000000 3075.157471 0.000000 0.641467 0.000000 -0.767150 0.700852 0.700852 0.700852
2609.589600 0.000000 3060.171387 0.000000 0.109039 0.000000 -0.994037 0.781711 0.781711 0.781711
2608.331787 0.000000 3045.999756 0.000000 0.361350 0.000000 -0.932430 0.783512 0.783512 0.783512
2601.123291 0.000000 3056.640137 0.000000 0.988456 0.000000 0.151505 0.590887 0.590887 0.590887
2616.725586 0.000000 3046.796143 0.000000 0.509607 0.000000 0.860407 0.573617 0.573617 0.573617
2616.052246 0.000000 3054.980469 0.000000 0.982757 0.000000 -0.184901 0.671036 0.671036 0.671036
2610.214111 0.000000 3042.125732 0.000000 0.952255 0.000000 -0.305305 0.638574 0.638574 0.638574
2583.652100 0.000000 3106.764404 0.000000 0.139852 0.000000 0.990172 0.471434 0.471434 0.471434
2623.562988 0.000000 3119.305664 0.000000 0.898964 0.000000 -0.438024 0.629204 0.629204 0.629204
2570.008057 0.000000 3075.637451 0.000000 0.425833 0.000000 -0.904802 0.676231 0.676231 0.676231
2604.177734 0.000000 3065.190918 0.000000 0.996651 0.000000 0.081771 0.594359 0.594359 0.594359
2584.029785 0.000000 3113.880371 0.000000 0.324630 0.000000 -0.945841 0.668735 0.668735 0.668735
2605.745605 0.000000 3043.948975 0.000000 0.959911 0.000000 -0.280303 0.616598 0.616598 0.616598
2606.692383 0.000000 3061.595215 0.000000 0.987818 0.000000 -0.155612 0.617319 0.617319 0.617319
2579.742676 0.000000 3072.486572 0.000000 0.866665 0.000000 -0.498891 0.639902 0.639902 0.639902
2577.221680 0.000000 3067.101807 0.000000 0.899646 0.000000 0.436619 0.568866 0.568866 0.568866
2576.006104 0.000000 3073.198486 0.000000 0.033038 0.000000 -0.999454 0.901751 0.901751 0.901751
2612.394043 0.000000 3060.145752 0.000000 0.728286 0.000000 -0.685273 0.640713 0.640713 0.640713
2606.638184 0.000000 3048.227783 0.000000 0.614692 0.000000 -0.788767 0.734771 0.734771 0.734771
2603.907959 0.000000 3056.472656 0.000000 0.574751 0.000000 0.818329 0.533955 0.533955 0.533955
2605.009766 0.000000 3112.092285 0.000000 0.745912 0.000000 0.666045 0.549776 0.549776 0.549776
2616.025391 0.000000 3061.489258 0.000000 0.801470 0.000000 0.598035 0.553908 0.553908 0.553908
2564.083252 0.000000 3070.391602 0.000000 0.559160 0.000000 0.829060 0.532651 0.532651 0.532651
2604.049316 0.000000 3062.358154 0.000000 0.150033 0.000000 0.988681 0.502142 0.502142 0.502142
2609.064453 0.000000 3062.567627 0.000000 0.305080 0.000000 0.952327 0.513127 0.513127 0.513127
2622.689209 0.000000 3048.630859 0.000000 0.052090 0.000000 -0.998642 0.795640 0.795640 0.795640
2577.795166 0.000000 3077.526367 0.000000 0.719252 0.000000 -0.694749 0.813996 0.813996 0.813996
2597.135010 0.000000 3079.254395 0.000000 0.810470 0.000000 0.585781 0.513753 0.513753 0.513753
2569.005615 0.000000 3069.463135 0.000000 0.046142 0.000000 0.998935 0.460688 0.460688 0.460688
2600.713867 0.000000 3083.610596 0.000000 0.743104 0.000000 -0.669176 0.646122 0.646122 0.646122
2606.191406 0.000000 3051.104492 0.000000 0.988018 0.000000 0.154342 0.588858 0.588858 0.588858
2602.482422 0.000000 3104.621826 0.000000 0.805228 0.000000 -0.592965 0.713144 0.713144 0.713144
2611.206543 0.000000 3040.191895 0.000000 0.686855 0.000000 -0.726795 0.667033 0.667033 0.667033
2623.285645 0.000000 3051.780029 0.000000 0.945842 0.000000 -0.324628 0.634172 0.634172 0.634172
2612.790527 0.000000 3058.075684 0.000000 0.964008 0.000000 -0.265873 0.633055 0.633055 0.633055
2619.606445 0.000000 3060.331787 0.000000 0.489679 0.000000 0.871903 0.517506 0.517506 0.517506
2585.133301 0.000000 3100.311768 0.000000 0.821299 0.000000 -0.570499 0.714586 0.714586 0.714586
2621.018799 0.000000 3058.875977 0.000000 0.428429 0.000000 -0.903576 0.794319 0.794319 0.794319
2582.123779 0.000000 3103.019287 0.000000 0.662445 0.000000 -0.749110 0.801663 0.801663 0.801663
2574.953857 0.000000 3071.512695 0.000000 0.048168 0.000000 0.998839 0.018406 0.018406 0.018406
2618.562744 0.000000 3056.262207 0.000000 0.583047 0.000000 -0.812438 0.834386 0.834386 0.834386
2614.190430 0.000000 3060.974854 0.000000 0.999947 0.000000 0.010254 0.599124 0.599124 0.599124
2576.510498 0.000000 3075.000244 0.000000 0.097673 0.000000 -0.995219 1.003771 1.003771 1.003771
2604.585938 0.000000 3108.197754 0.000000 0.982756 0.000000 -0.184906 0.628415 0.628415 0.628415
2582.246094 0.000000 3105.280762 0.000000 0.986127 0.000000 0.165990 0.572273 0.572273 0.572273
2620.603760 0.000000 3056.999756 0.000000 0.978114 0.000000 0.208068 0.575197 0.575197 0.575197
2604.562744 0.000000 3051.976074 0.000000 0.789997 0.000000 -0.613111 0.709737 0.709737 0.709737
2582.492188 0.000000 3113.030029 0.000000 0.959133 0.000000 0.282957 0.568631 0.568631 0.568631
2561.374512 0.000000 3099.412354 0.000000 0.984069 0.000000 0.177786 0.572959 0.572959 0.572959
2577.680664 0.000000 3073.549072 0.000000 0.227605 0.000000 -0.973754 0.863178 0.863178 0.863178
2606.739990 0.000000 3042.577637 0.000000 0.833652 0.000000 0.552291 0.510602 0.510602 0.510602
2598.682373 0.000000 3079.955078 0.000000 0.627774 0.000000 -0.778396 0.712250 0.712250 0.712250
2611.034912 0.000000 3059.246582 0.000000 0.917173 0.000000 -0.398488 0.673060 0.673060 0.673060
2566.656250 0.000000 3073.848389 0.000000 0.820582 0.000000 0.571529 0.520718 0.520718 0.520718
2574.852539 0.000000 3074.332031 0.000000 0.969860 0.000000 0.243663 0.536215 0.536215 0.536215
2614.794678 0.000000 3054.065674 0.000000 0.573924 0.000000 -0.818908 0.909014 0.909014 0.909014
2584.522705 0.000000 3102.843262 0.000000 0.923968 0.000000 0.382469 0.530629 0.530629 0.530629
2606.907471 0.000000 3046.723389 0.000000 0.644639 0.000000 -0.764487 0.744696 0.744696 0.744696
2610.238037 0.000000 3061.492676 0.000000 0.122515 0.000000 -0.992467 0.806051 0.806051 0.806051
2585.507812 0.000000 3101.720947 0.000000 0.908982 0.000000 -0.416836 0.681151 0.681151 0.681151
2569.854980 0.000000 3073.314697 0.000000 0.217323 0.000000 -0.976100 0.907768 0.907768 0.907768
2573.046387 0.000000 3064.530518 0.000000 0.842976 0.000000 0.537951 0.434088 0.434088 0.434088
2604.465332 0.000000 3110.765625 0.000000 0.939906 0.000000 -0.341433 0.682988 0.682988 0.682988
2603.855469 0.000000 3104.729736 0.000000 0.462386 0.000000 0.886679 0.405684 0.405684 0.405684
2607.979736 0.000000 3047.630127 0.000000 0.999524 0.000000 -0.030860 0.605132 0.605132 0.605132
2619.256348 0.000000 3053.305908 0.000000 0.999158 0.000000 -0.041024 0.610696 0.610696 0.610696
2577.794189 0.000000 3070.533936 0.000000 0.781202 0.000000 -0.624278 0.743408 0.743408 0.743408
2585.112305 0.000000 3104.071533 0.000000 0.127873 0.000000 0.991790 0.234813 0.234813 0.234813
2571.821289 0.000000 3070.799072 0.000000 0.972357 0.000000 0.233498 0.541045 0.541045 0.541045
2619.942871 0.000000 3055.866455 0.000000 0.737084 0.000000 -0.675802 0.755616 0.755616 0.755616
2639.923340 0.000000 3043.687012 0.000000 0.173966 0.000000 0.984752 0.451538 0.451538 0.451538
2631.356445 0.000000 3114.231934 0.000000 0.836750 0.000000 -0.547586 0.650345 0.650345 0.650345
2659.344971 0.000000 3085.070557 0.000000 0.199098 0.000000 -0.979980 0.622580 0.622580 0.622580
2624.456299 0.000000 3113.232422 0.000000 0.723474 0.000000 0.690352 0.581738 0.581738 0.581738
2659.750000 0.000000 3070.240723 0.000000 0.208771 0.000000 -0.977964 0.767108 0.767108 0.767108
2677.382324 0.000000 3039.461670 0.000000 0.716126 0.000000 -0.697971 0.653233 0.653233 0.653233
2642.998047 0.000000 3049.818848 0.000000 0.038943 0.000000 -0.999241 0.657365 0.657365 0.657365
2637.268311 0.000000 3079.571777 0.000000 0.091246 0.000000 0.995828 0.518005 0.518005 0.518005
2657.257324 0.000000 3040.950439 0.000000 0.074566 0.000000 -0.997216 0.781533 0.781533 0.781533
2627.809082 0.000000 3117.693359 0.000000 0.791238 0.000000 -0.611508 0.712357 0.712357 0.712357
2649.312500 0.000000 3043.369141 0.000000 0.996252 0.000000 -0.086499 0.615957 0.615957 0.615957
2625.454590 0.000000 3064.894531 0.000000 0.545854 0.000000 -0.837881 0.659521 0.659521 0.659521
2640.282471 0.000000 3111.823486 0.000000 0.993805 0.000000 0.111136 0.589157 0.589157 0.589157
2651.339600 0.000000 3060.051025 0.000000 0.521106 0.000000 -0.853492 0.638296 0.638296 0.638296
2653.824463 0.000000 3043.229736 0.000000 0.883513 0.000000 0.468406 0.544503 0.544503 0.544503
2659.847168 0.000000 3081.158691 0.000000 0.984949 0.000000 0.172848 0.587249 0.587249 0.587249
2657.492676 0.000000 3075.429443 0.000000 0.111723 0.000000 0.993739 0.304993 0.304993 0.304993
2653.099609 0.000000 3076.815918 0.000000 0.998431 0.000000 0.056002 0.596139 0.596139 0.596139
2636.426514 0.000000 3042.602295 0.000000 0.864415 0.000000 0.502779 0.563700 0.563700 0.563700
2673.953369 0.000000 3067.441162 0.000000 0.368481 0.000000 -0.929635 0.648267 0.648267 0.648267
2641.378174 0.000000 3106.756836 0.000000 0.299320 0.000000 -0.954153 0.675904 0.675904 0.675904
2645.657471 0.000000 3116.815186 0.000000 0.380347 0.000000 0.924844 0.531029 0.531029 0.531029
2630.924072 0.000000 3119.249268 0.000000 0.694127 0.000000 0.719853 0.488054 0.488054 0.488054
2634.093018 0.000000 3080.432129 0.000000 0.966303 0.000000 -0.257406 0.640167 0.640167 0.640167
2642.910156 0.000000 3042.269287 0.000000 0.959151 0.000000 0.282895 0.550164 0.550164 0.550164
2659.105469 0.000000 3078.116455 0.000000 0.409780 0.000000 0.912184 0.543224 0.543224 0.543224
2649.382080 0.000000 3040.308594 0.000000 0.371068 0.000000 0.928606 0.487640 0.487640 0.487640
2657.323975 0.000000 3072.230225 0.000000 0.999383 0.000000 0.035127 0.595790 0.595790 0.595790
2660.311035 0.000000 3073.313721 0.000000 0.571224 0.000000 0.820795 0.510583 0.510583 0.510583
2669.991211 0.000000 3072.185791 0.000000 0.666349 0.000000 0.745640 0.559664 0.559664 0.559664
2686.393311 0.000000 3092.323730 0.000000 0.910222 0.000000 -0.414120 0.621106 0.621106 0.621106
2666.105225 0.000000 3069.675781 0.000000 0.580852 0.000000 -0.814009 0.671228 0.671228 0.671228
2667.716797 0.000000 3040.062256 0.000000 0.524964 0.000000 -0.851125 0.714381 0.714381 0.714381
2636.635254 0.000000 3082.457031 0.000000 0.575155 0.000000 -0.818045 0.864044 0.864044 0.864044
2641.911621 0.000000 3045.586670 0.000000 0.983565 0.000000 0.180552 0.577429 0.577429 0.577429
2647.305664 0.000000 3045.445557 0.000000 0.941908 0.000000 -0.335871 0.629246 0.629246 0.629246
2660.770752 0.000000 3116.560303 0.000000 0.937455 0.000000 -0.348106 0.661780 0.661780 0.661780
2663.119385 0.000000 3117.653564 0.000000 0.603366 0.000000 -0.797464 0.752098 0.752098 0.752098
2640.745850 0.000000 3109.208740 0.000000 0.946867 0.000000 0.321627 0.564194 0.564194 0.564194
2640.080322 0.000000 3050.120850 0.000000 0.620864 0.000000 0.783918 0.537920 0.537920 0.537920
2651.645264 0.000000 3041.909424 0.000000 0.890511 0.000000 -0.454962 0.628301 0.628301 0.628301
2656.142334 0.000000 3114.288086 0.000000 0.116827 0.000000 -0.993152 0.815577 0.815577 0.815577
2666.681152 0.000000 3051.743896 0.000000 0.011451 0.000000 0.999934 0.511240 0.511240 0.511240
2655.501953 0.000000 3076.788818 0.000000 0.249673 0.000000 -0.968330 0.888343 0.888343 0.888343
2659.668213 0.000000 3040.362061 0.000000 0.953118 0.000000 0.302599 0.551648 0.551648 0.551648
2633.420166 0.000000 3047.551514 0.000000 0.391130 0.000000 -0.920335 0.680545 0.680545 0.680545
2623.941406 0.000000 3063.238281 0.000000 0.367967 0.000000 -0.929839 0.764541 0.764541 0.764541
2663.426025 0.000000 3039.467041 0.000000 0.676367 0.000000 -0.736564 0.680616 0.680616 0.680616
2664.845947 0.000000 3046.593750 0.000000 0.198955 0.000000 0.980009 0.505566 0.505566 0.505566
2667.823242 0.000000 3071.216309 0.000000 0.307739 0.000000 -0.951471 0.773362 0.773362 0.773362
2672.245850 0.000000 3069.026367 0.000000 0.927409 0.000000 -0.374048 0.626416 0.626416 0.626416
2656.841064 0.000000 3116.522949 0.000000 0.903903 0.000000 0.427737 0.519228 0.519228 0.519228
2657.708252 0.000000 3080.825928 0.000000 0.700735 0.000000 -0.713422 0.742789 0.742789 0.742789
2643.076904 0.000000 3040.147705 0.000000 0.007069 0.000000 0.999975 0.365765 0.365765 0.365765
2659.527588 0.000000 3075.545898 0.000000 0.519753 0.000000 -0.854316 0.707396 0.707396 0.707396
2666.814941 0.000000 3111.646484 0.000000 0.910004 0.000000 0.414598 0.551973 0.551973 0.551973
2655.358643 0.000000 3074.760742 0.000000 0.532286 0.000000 -0.846565 0.740630 0.740630 0.740630
2663.387451 0.000000 3042.615479 0.000000 0.740105 0.000000 -0.672491 0.664080 0.664080 0.664080
2670.719727 0.000000 3070.342041 0.000000 0.225944 0.000000 0.974140 0.483330 0.483330 0.483330
2626.017334 0.000000 3118.581055 0.000000 0.700450 0.000000 0.713701 0.513093 0.513093 0.513093
2657.217285 0.000000 3077.640869 0.000000 0.653243 0.000000 -0.757148 0.799427 0.799427 0.799427
2668.578125 0.000000 3108.197754 0.000000 0.677309 0.000000 -0.735698 0.718880 0.718880 0.718880
2656.699463 0.000000 3118.714844 0.000000 0.149895 0.000000 0.988702 0.370224 0.370224 0.370224
2658.524658 0.000000 3073.910156 0.000000 0.728347 0.000000 0.685208 0.483531 0.483531 0.483531
2638.690918 0.000000 3083.943604 0.000000 0.382754 0.000000 0.923850 0.391778 0.391778 0.391778
2632.495850 0.000000 3118.240723 0.000000 0.261420 0.000000 0.965225 0.329969 0.329969 0.329969
2661.270020 0.000000 3114.849854 0.000000 0.407041 0.000000 0.913410 0.482701 0.482701 0.482701
2642.441650 0.000000 3108.732178 0.000000 0.893189 0.000000 -0.449682 0.651001 0.651001 0.651001
2631.317139 0.000000 3089.755127 0.000000 0.953225 0.000000 -0.302261 0.630357 0.630357 0.630357
2629.369629 0.000000 3118.575195 0.000000 0.209029 0.000000 0.977909 0.320862 0.320862 0.320862
2659.006836 0.000000 3071.911133 0.000000 0.354326 0.000000 0.935122 0.451547 0.451547 0.451547
2660.910400 0.000000 3042.974365 0.000000 0.055191 0.000000 -0.998476 0.783888 0.783888 0.783888
2657.532471 0.000000 3043.027344 0.000000 0.723450 0.000000 0.690377 0.516675 0.516675 0.516675
2654.755615 0.000000 3080.416016 0.000000 0.215858 0.000000 0.976425 0.397296 0.397296 0.397296
2670.057861 0.000000 3110.796387 0.000000 0.904463 0.000000 0.426553 0.551152 0.551152 0.551152
2655.577148 0.000000 3041.087402 0.000000 0.894478 0.000000 -0.447111 0.652770 0.652770 0.652770
2640.460449 0.000000 3113.480957 0.000000 0.321709 0.000000 0.946839 0.395145 0.395145 0.395145
2656.797363 0.000000 3073.816650 0.000000 0.995473 0.000000 -0.095048 0.611407 0.611407 0.611407
2669.253662 0.000000 3039.606934 0.000000 0.571168 0.000000 0.820833 0.481731 0.481731 0.481731
2662.324951 0.000000 3116.294678 0.000000 0.802473 0.000000 0.596688 0.494650 0.494650 0.494650
2645.711426 0.000000 3109.638672 0.000000 0.933384 0.000000 -0.358878 0.647836 0.647836 0.647836
2648.094238 0.000000 3042.341309 0.000000 0.964371 0.000000 -0.264552 0.649330 0.649330 0.649330
2659.996582 0.000000 3118.123047 0.000000 0.333656 0.000000 0.942695 0.424879 0.424879 0.424879
2637.388672 0.000000 3081.112305 0.000000 0.451968 0.000000 0.892034 0.322723 0.322723 0.322723
2661.608887 0.000000 3117.907959 0.000000 0.841473 0.000000 -0.540299 0.699181 0.699181 0.699181
2635.120850 0.000000 3082.167969 0.000000 0.545785 0.000000 0.837925 0.326181 0.326181 0.326181
2668.457520 0.000000 3110.765625 0.000000 0.617063 0.000000 -0.786914 0.787240 0.787240 0.787240
2659.732910 0.000000 3114.423096 0.000000 0.998775 0.000000 -0.049477 0.608823 0.608823 0.608823
2638.015381 0.000000 3082.712158 0.000000 0.914966 0.000000 0.403532 0.526580 0.526580 0.526580
2644.826660 0.000000 3114.567627 0.000000 0.964446 0.000000 0.264279 0.539505 0.539505 0.539505
2654.276855 0.000000 3077.362793 0.000000 0.954451 0.000000 0.298369 0.533738 0.533738 0.533738
2621.277344 0.000000 3130.815918 0.000000 0.735299 0.000000 -0.677743 0.785171 0.785171 0.785171
2588.131104 0.000000 3167.376709 0.000000 0.939934 0.000000 -0.341357 0.643311 0.643311 0.643311
2584.992920 0.000000 3166.827393 0.000000 0.987098 0.000000 -0.160115 0.605781 0.605781 0.605781
2589.070068 0.000000 3169.721924 0.000000 0.893825 0.000000 0.448416 0.540795 0.540795 0.540795
2590.585693 0.000000 3167.772217 0.000000 0.281181 0.000000 -0.959655 0.688596 0.688596 0.688596
2623.285645 0.000000 3131.764404 0.000000 0.828823 0.000000 -0.559511 0.651589 0.651589 0.651589
2618.875977 0.000000 3126.311035 0.000000 0.050483 0.000000 0.998725 0.442867 0.442867 0.442867
2622.571045 0.000000 3132.882812 0.000000 0.343720 0.000000 0.939072 0.384372 0.384372 0.384372
2621.621582 0.000000 3127.800293 0.000000 0.135225 0.000000 0.990815 0.346328 0.346328 0.346328
2620.479492 0.000000 3141.296631 0.000000 0.069968 0.000000 0.997549 0.296513 0.296513 0.296513
2681.554199 0.000000 3131.223877 0.000000 0.129608 0.000000 0.991565 0.548202 0.548202 0.548202
2676.908691 0.000000 3125.152344 0.000000 0.439275 0.000000 0.898353 0.337544 0.337544 0.337544
2634.245361 0.000000 3119.585449 0.000000 0.261183 0.000000 0.965289 0.396460 0.396460 0.396460
2676.712158 0.000000 3131.318359 0.000000 0.428395 0.000000 -0.903591 0.774048 0.774048 0.774048
2636.302979 0.000000 3126.325684 0.000000 0.309097 0.000000 0.951030 0.552944 0.552944 0.552944
2680.717773 0.000000 3126.780518 0.000000 0.982002 0.000000 -0.188873 0.605693 0.605693 0.605693
2630.387695 0.000000 3122.009521 0.000000 0.998554 0.000000 -0.053761 0.609991 0.609991 0.609991
2623.809082 0.000000 3123.735840 0.000000 0.880797 0.000000 0.473494 0.545324 0.545324 0.545324
2668.354004 0.000000 3129.945557 0.000000 0.328608 0.000000 -0.944466 0.761071 0.761071 0.761071
2639.929443 0.000000 3127.559082 0.000000 0.133726 0.000000 -0.991018 0.804443 0.804443 0.804443
2640.739746 0.000000 3132.595459 0.000000 0.997903 0.000000 0.064727 0.596604 0.596604 0.596604
2675.022461 0.000000 3128.154297 0.000000 0.469368 0.000000 -0.883003 0.710234 0.710234 0.710234
2637.653076 0.000000 3119.432617 0.000000 0.667562 0.000000 0.744554 0.533323 0.533323 0.533323
2633.372070 0.000000 3123.074707 0.000000 0.931276 0.000000 -0.364315 0.678200 0.678200 0.678200
2670.630371 0.000000 3128.212158 0.000000 0.309298 0.000000 0.950965 0.472030 0.472030 0.472030
2623.736572 0.000000 3120.443604 0.000000 0.744944 0.000000 0.667127 0.536548 0.536548 0.536548
2660.479980 0.000000 3127.438721 0.000000 0.971325 0.000000 -0.237755 0.614743 0.614743 0.614743
2674.467773 0.000000 3124.592041 0.000000 0.286843 0.000000 -0.957977 0.747620 0.747620 0.747620
2676.668945 0.000000 3122.658203 0.000000 0.476896 0.000000 0.878960 0.509936 0.509936 0.509936
2624.733398 0.000000 3125.976807 0.000000 0.227586 0.000000 0.973758 0.515621 0.515621 0.515621
2666.681152 0.000000 3131.728271 0.000000 0.991949 0.000000 -0.126639 0.608750 0.608750 0.608750
2631.990234 0.000000 3120.228760 0.000000 0.820539 0.000000 -0.571590 0.821471 0.821471 0.821471
2628.605225 0.000000 3119.399414 0.000000 0.146419 0.000000 0.989223 0.307803 0.307803 0.307803
2659.668213 0.000000 3120.346436 0.000000 0.494512 0.000000 -0.869171 0.806731 0.806731 0.806731
2634.092529 0.000000 3125.345947 0.000000 0.564367 0.000000 -0.825524 0.682917 0.682917 0.682917
2633.420166 0.000000 3127.535889 0.000000 0.149742 0.000000 0.988725 0.470205 0.470205 0.470205
2623.795654 0.000000 3133.846191 0.000000 0.610316 0.000000 -0.792158 0.761614 0.761614 0.761614
2669.474365 0.000000 3126.127197 0.000000 0.994348 0.000000 -0.106173 0.613703 0.613703 0.613703
2675.198730 0.000000 3120.176270 0.000000 0.999947 0.000000 0.010330 0.599288 0.599288 0.599288
2668.326904 0.000000 3127.913086 0.000000 0.934478 0.000000 0.356022 0.553108 0.553108 0.553108
2678.680176 0.000000 3126.848145 0.000000 0.910149 0.000000 -0.414281 0.671663 0.671663 0.671663
2675.392090 0.000000 3129.988037 0.000000 0.840863 0.000000 0.541248 0.541745 0.541745 0.541745
2624.713379 0.000000 3122.095215 0.000000 0.320176 0.000000 0.947358 0.482521 0.482521 0.482521
2641.912842 0.000000 3148.813721 0.000000 0.466253 0.000000 0.884651 0.458506 0.458506 0.458506
2639.964844 0.000000 3148.398438 0.000000 0.850036 0.000000 -0.526725 0.701378 0.701378 0.701378
2638.692139 0.000000 3149.748291 0.000000 0.939028 0.000000 0.343840 0.535855 0.535855 0.535855
2658.174561 0.000000 3119.541016 0.000000 0.322584 0.000000 0.946541 0.423211 0.423211 0.423211
2676.979492 0.000000 3129.746582 0.000000 0.467977 0.000000 -0.883741 0.861376 0.861376 0.861376
2661.421387 0.000000 3119.873779 0.000000 0.549844 0.000000 -0.835267 0.736241 0.736241 0.736241
2670.899658 0.000000 3126.707764 0.000000 0.994897 0.000000 -0.100895 0.613928 0.613928 0.613928
2631.202393 0.000000 3146.371582 0.000000 0.741101 0.000000 -0.671394 0.759878 0.759878 0.759878
2624.564209 0.000000 3141.718994 0.000000 0.043530 0.000000 -0.999052 0.940870 0.940870 0.940870
2629.922852 0.000000 3148.706787 0.000000 0.906521 0.000000 -0.422160 0.766473 0.766473 0.766473
2632.895508 0.000000 3124.487305 0.000000 0.034998 0.000000 0.999387 0.284831 0.284831 0.284831
2656.539307 0.000000 3119.510986 0.000000 0.759485 0.000000 -0.650525 0.714582 0.714582 0.714582
2625.610107 0.000000 3143.508057 0.000000 0.771717 0.000000 0.635966 0.465780 0.465780 0.465780
2660.255371 0.000000 3121.720947 0.000000 0.423519 0.000000 -0.905887 0.796951 0.796951 0.796951
2641.786377 0.000000 3150.518311 0.000000 0.056575 0.000000 -0.998398 0.928882 0.928882 0.928882
2706.902344 0.000000 3055.867676 0.000000 0.748813 0.000000 0.662782 0.568527 0.568527 0.568527
2698.713135 0.000000 3084.532715 0.000000 0.666717 0.000000 -0.745311 0.702041 0.702041 0.702041
2718.261963 0.000000 3095.744141 0.000000 0.873860 0.000000 -0.486178 0.604563 0.604563 0.604563
2693.643555 0.000000 3097.143799 0.000000 0.148095 0.000000 -0.988973 0.606391 0.606391 0.606391
2710.251709 0.000000 3097.618164 0.000000 0.093332 0.000000 0.995635 0.314532 0.314532 0.314532
2713.837891 0.000000 3090.127197 0.000000 0.995195 0.000000 0.097916 0.585603 0.585603 0.585603
2718.739258 0.000000 3047.086182 0.000000 0.896180 0.000000 0.443691 0.569701 0.569701 0.569701
2694.031006 0.000000 3091.067139 0.000000 0.590294 0.000000 0.807188 0.569044 0.569044 0.569044
2693.929688 0.000000 3061.710693 0.000000 0.679448 0.000000 -0.733724 0.659231 0.659231 0.659231
2701.260498 0.000000 3079.571777 0.000000 0.838335 0.000000 -0.545155 0.623319 0.623319 0.623319
2692.364258 0.000000 3110.059570 0.000000 0.087317 0.000000 0.996181 0.304477 0.304477 0.304477
2691.801270 0.000000 3117.693359 0.000000 0.986093 0.000000 0.166193 0.588495 0.588495 0.588495
2699.741455 0.000000 3112.235596 0.000000 0.714187 0.000000 -0.699955 0.617421 0.617421 0.617421
2703.448242 0.000000 3059.532227 0.000000 0.997094 0.000000 -0.076185 0.613022 0.613022 0.613022
2702.125977 0.000000 3055.074707 0.000000 0.721040 0.000000 0.692893 0.557574 0.557574 0.557574
2697.771240 0.000000 3064.032471 0.000000 0.952381 0.000000 -0.304911 0.607426 0.607426 0.607426
2698.452637 0.000000 3096.124756 0.000000 0.168336 0.000000 -0.985730 0.654589 0.654589 0.654589
2710.249756 0.000000 3093.093506 0.000000 0.363039 0.000000 -0.931774 0.846110 0.846110 0.846110
2691.301025 0.000000 3106.399170 0.000000 0.079737 0.000000 0.996816 0.519599 0.519599 0.519599
2703.174316 0.000000 3076.435059 0.000000 0.428757 0.000000 0.903420 0.552703 0.552703 0.552703
2710.308350 0.000000 3088.702881 0.000000 0.771894 0.000000 0.635751 0.457578 0.457578 0.457578
2708.358643 0.000000 3077.966797 0.000000 0.184441 0.000000 -0.982844 0.695453 0.695453 0.695453
2721.051025 0.000000 3044.618164 0.000000 0.673089 0.000000 0.739562 0.573815 0.573815 0.573815
2709.649658 0.000000 3116.815186 0.000000 0.397601 0.000000 -0.917558 0.749678 0.749678 0.749678
2712.571289 0.000000 3082.935303 0.000000 0.574113 0.000000 -0.818776 0.666099 0.666099 0.666099
2707.727051 0.000000 3072.486572 0.000000 0.710284 0.000000 0.703915 0.569587 0.569587 0.569587
2706.286865 0.000000 3058.659180 0.000000 0.989563 0.000000 0.144104 0.587220 0.587220 0.587220
2713.184814 0.000000 3098.273926 0.000000 0.971601 0.000000 0.236626 0.576740 0.576740 0.576740
2701.330811 0.000000 3057.659180 0.000000 0.809525 0.000000 0.587085 0.506012 0.506012 0.506012
2700.479492 0.000000 3076.830078 0.000000 0.836242 0.000000 0.548360 0.543489 0.543489 0.543489
2704.261475 0.000000 3056.685791 0.000000 0.053510 0.000000 0.998567 0.286361 0.286361 0.286361
2694.468262 0.000000 3111.724365 0.000000 0.650161 0.000000 0.759797 0.540535 0.540535 0.540535
2727.111572 0.000000 3117.653564 0.000000 0.003736 0.000000 -0.999993 0.696241 0.696241 0.696241
2698.030518 0.000000 3087.061768 0.000000 0.110881 0.000000 -0.993834 0.746496 0.746496 0.746496
2699.319336 0.000000 3055.840820 0.000000 0.573584 0.000000 0.819147 0.542484 0.542484 0.542484
2695.891602 0.000000 3058.675537 0.000000 0.986663 0.000000 0.162776 0.591673 0.591673 0.591673
2695.173096 0.000000 3064.733398 0.000000 0.523452 0.000000 -0.852055 0.668748 0.668748 0.668748
2694.355469 0.000000 3084.690430 0.000000 0.984639 0.000000 0.174600 0.580021 0.580021 0.580021
2692.809326 0.000000 3104.389893 0.000000 0.576367 0.000000 -0.817191 0.665909 0.665909 0.665909
2690.495850 0.000000 3096.558594 0.000000 0.810991 0.000000 0.585059 0.556938 0.556938 0.556938
2711.233398 0.000000 3090.923828 0.000000 0.999272 0.000000 0.038155 0.590967 0.590967 0.590967
2692.971924 0.000000 3086.519043 0.000000 0.066876 0.000000 0.997761 0.399510 0.399510 0.399510
2694.226807 0.000000 3080.355469 0.000000 0.750169 0.000000 0.661246 0.504765 0.504765 0.504765
2709.139648 0.000000 3099.657715 0.000000 0.859353 0.000000 -0.511383 0.707746 0.707746 0.707746
2709.006836 0.000000 3091.267578 0.000000 0.841382 0.000000 0.540440 0.535000 0.535000 0.535000
2688.455811 0.000000 3095.791748 0.000000 0.761562 0.000000 0.648092 0.504946 0.504946 0.504946
2712.316406 0.000000 3093.526367 0.000000 0.998363 0.000000 -0.057198 0.609173 0.609173 0.609173
2697.660156 0.000000 3082.674316 0.000000 0.113231 0.000000 0.993569 0.455924 0.455924 0.455924
2695.783447 0.000000 3062.727539 0.000000 0.906628 0.000000 -0.421931 0.660026 0.660026 0.660026
2710.140869 0.000000 3114.767334 0.000000 0.423443 0.000000 -0.905923 0.727349 0.727349 0.727349
2692.027588 0.000000 3062.535645 0.000000 0.804409 0.000000 0.594075 0.512337 0.512337 0.512337
2704.494873 0.000000 3075.000244 0.000000 0.499692 0.000000 0.866203 0.491728 0.491728 0.491728
2699.798828 0.000000 3086.201172 0.000000 0.878906 0.000000 -0.476995 0.649903 0.649903 0.649903
2708.137939 0.000000 3088.420654 0.000000 0.087250 0.000000 0.996186 0.444454 0.444454 0.444454
2693.586426 0.000000 3114.279053 0.000000 0.999041 0.000000 -0.043787 0.605118 0.605118 0.605118
2695.365967 0.000000 3060.452148 0.000000 0.870957 0.000000 -0.491360 0.670786 0.670786 0.670786
2696.915527 0.000000 3079.074707 0.000000 0.871014 0.000000 -0.491258 0.661539 0.661539 0.661539
2698.113281 0.000000 3056.962891 0.000000 0.532123 0.000000 -0.846667 0.733095 0.733095 0.733095
2698.083008 0.000000 3109.012939 0.000000 0.101825 0.000000 -0.994802 0.802414 0.802414 0.802414
2703.037354 0.000000 3057.959229 0.000000 0.740272 0.000000 -0.672308 0.750206 0.750206 0.750206
2708.021729 0.000000 3117.208252 0.000000 0.974149 0.000000 -0.225905 0.629355 0.629355 0.629355
2702.836914 0.000000 3074.332031 0.000000 0.289738 0.000000 0.957106 0.425951 0.425951 0.425951
2696.056152 0.000000 3111.424805 0.000000 0.106633 0.000000 -0.994298 0.808326 0.808326 0.808326
2711.574951 0.000000 3092.361816 0.000000 0.925314 0.000000 0.379201 0.520185 0.520185 0.520185
2710.229248 0.000000 3096.170898 0.000000 0.602106 0.000000 -0.798416 0.778675 0.778675 0.778675
2693.121094 0.000000 3085.146973 0.000000 0.702874 0.000000 -0.711314 0.763587 0.763587 0.763587
2710.239258 0.000000 3091.770264 0.000000 0.950869 0.000000 -0.309593 0.674496 0.674496 0.674496
2711.345215 0.000000 3096.825195 0.000000 0.705989 0.000000 0.708223 0.447930 0.447930 0.447930
2708.637939 0.000000 3193.202148 0.000000 0.974046 0.000000 0.226349 0.512785 0.512785 0.512785
2695.348633 0.000000 3194.216309 0.000000 0.368117 0.000000 -0.929779 0.709083 0.709083 0.709083
2731.235352 0.000000 3126.298096 0.000000 0.347609 0.000000 -0.937640 0.616390 0.616390 0.616390
2729.107666 0.000000 3136.624512 0.000000 0.480622 0.000000 -0.876928 0.753786 0.753786 0.753786
2715.262451 0.000000 3126.367432 0.000000 0.926240 0.000000 -0.376934 0.612736 0.612736 0.612736
2689.160889 0.000000 3131.960693 0.000000 0.947702 0.000000 0.319158 0.573724 0.573724 0.573724
2712.014160 0.000000 3193.864746 0.000000 0.998099 0.000000 0.061627 0.592333 0.592333 0.592333
2709.649658 0.000000 3196.799561 0.000000 0.943473 0.000000 -0.331450 0.623279 0.623279 0.623279
2722.917969 0.000000 3132.794922 0.000000 0.972353 0.000000 0.233516 0.539628 0.539628 0.539628
2706.820312 0.000000 3191.139893 0.000000 0.976395 0.000000 0.215994 0.564128 0.564128 0.564128
2710.457764 0.000000 3191.058838 0.000000 0.981647 0.000000 -0.190708 0.616671 0.616671 0.616671
2723.177490 0.000000 3122.581299 0.000000 0.996521 0.000000 -0.083343 0.607124 0.607124 0.607124
2717.815186 0.000000 3133.155029 0.000000 0.101758 0.000000 0.994809 0.483387 0.483387 0.483387
2709.292969 0.000000 3186.887451 0.000000 0.113180 0.000000 0.993575 0.458102 0.458102 0.458102
2704.118408 0.000000 3195.697510 0.000000 0.711285 0.000000 -0.702904 0.713257 0.713257 0.713257
2727.418213 0.000000 3119.451416 0.000000 0.627510 0.000000 -0.778609 0.788492 0.788492 0.788492
2707.926025 0.000000 3195.485352 0.000000 0.445607 0.000000 -0.895229 0.987041 0.987041 0.987041
2710.140869 0.000000 3194.751709 0.000000 0.601245 0.000000 -0.799064 0.953606 0.953606 0.953606
2713.240479 0.000000 3126.201172 0.000000 0.314396 0.000000 -0.949292 0.796757 0.796757 0.796757
2699.129395 0.000000 3153.983887 0.000000 0.756633 0.000000 -0.653840 0.736639 0.736639 0.736639
2707.326660 0.000000 3187.136475 0.000000 0.886359 0.000000 -0.462998 0.651196 0.651196 0.651196
2703.368164 0.000000 3186.661865 0.000000 0.937005 0.000000 -0.349315 0.651314 0.651314 0.651314
2719.051270 0.000000 3135.049561 0.000000 0.882891 0.000000 0.469577 0.550210 0.550210 0.550210
2704.734863 0.000000 3184.993652 0.000000 0.194270 0.000000 -0.980948 0.855450 0.855450 0.855450
2708.624023 0.000000 3190.792725 0.000000 0.737483 0.000000 -0.675366 0.706623 0.706623 0.706623
2710.476562 0.000000 3193.014404 0.000000 0.074166 0.000000 -0.997246 1.171645 1.171645 1.171645
2719.542480 0.000000 3132.035156 0.000000 0.908300 0.000000 -0.418318 0.700853 0.700853 0.700853
2710.879639 0.000000 3127.115479 0.000000 0.091412 0.000000 -0.995813 0.766187 0.766187 0.766187
2713.200195 0.000000 3195.202148 0.000000 0.912670 0.000000 -0.408698 0.693970 0.693970 0.693970
2690.725098 0.000000 3131.366699 0.000000 0.392566 0.000000 0.919724 0.468852 0.468852 0.468852
2705.804199 0.000000 3192.375244 0.000000 0.345161 0.000000 0.938543 0.328067 0.328067 0.328067
2728.466797 0.000000 3133.632812 0.000000 0.702692 0.000000 0.711495 0.460076 0.460076 0.460076
2723.202637 0.000000 3134.311035 0.000000 0.956117 0.000000 0.292987 0.528735 0.528735 0.528735
2701.505859 0.000000 3152.098633 0.000000 0.790246 0.000000 -0.612790 0.699789 0.699789 0.699789
2726.840088 0.000000 3132.520752 0.000000 0.989889 0.000000 0.141846 0.574204 0.574204 0.574204
2707.301758 0.000000 3192.539551 0.000000 0.873397 0.000000 -0.487010 0.794295 0.794295 0.794295
2695.676758 0.000000 3192.792969 0.000000 0.326966 0.000000 -0.945036 0.855851 0.855851 0.855851
2709.418213 0.000000 3192.040039 0.000000 0.145769 0.000000 0.989319 0.055879 0.055879 0.055879
2694.299805 0.000000 3193.086914 0.000000 0.334087 0.000000 -0.942542 0.854292 0.854292 0.854292
2721.787109 0.000000 3134.036133 0.000000 0.877595 0.000000 -0.479403 0.703352 0.703352 0.703352
2717.486572 0.000000 3130.013184 0.000000 0.989524 0.000000 0.144367 0.574393 0.574393 0.574393
2621.204834 0.000000 3244.167480 0.000000 0.987353 0.000000 -0.158536 0.606439 0.606439 0.606439
2620.987793 0.000000 3237.855469 0.000000 0.234229 0.000000 -0.972182 0.625984 0.625984 0.625984
2622.551025 0.000000 3235.989014 0.000000 0.528340 0.000000 0.849033 0.501257 0.501257 0.501257
2623.051514 0.000000 3244.816650 0.000000 0.947670 0.000000 0.319253 0.540618 0.540618 0.540618
2622.666260 0.000000 3237.583008 0.000000 0.573699 0.000000 0.819066 0.454794 0.454794 0.454794
2631.450195 0.000000 3242.379150 0.000000 0.917139 0.000000 0.398567 0.519555 0.519555 0.519555
2636.799316 0.000000 3261.627930 0.000000 0.989508 0.000000 -0.144476 0.614985 0.614985 0.614985
2630.363281 0.000000 3244.659180 0.000000 0.694619 0.000000 0.719378 0.548284 0.548284 0.548284
2632.539062 0.000000 3245.114746 0.000000 0.890394 0.000000 -0.455190 0.669374 0.669374 0.669374
2624.463623 0.000000 3255.760498 0.000000 0.906575 0.000000 0.422045 0.541262 0.541262 0.541262
2634.775146 0.000000 3262.234375 0.000000 0.895129 0.000000 0.445807 0.564008 0.564008 0.564008
2637.826416 0.000000 3263.234863 0.000000 0.470214 0.000000 0.882552 0.441274 0.441274 0.441274
2623.799072 0.000000 3244.564209 0.000000 0.695750 0.000000 -0.718284 0.746442 0.746442 0.746442
2630.219727 0.000000 3243.220215 0.000000 0.718130 0.000000 0.695909 0.448966 0.448966 0.448966
"}
