object={
	name="tree_cypress_01_generator_1_0"
	clamp_to_water_level=no
	render_under_water=no
	generated_content=yes
	layer="tree_high_layer"
	pdxmesh="tree_cypress_01_a_mesh"
	count=392
	transform="2597.369629 0.000000 3030.543457 0.000000 0.127117 0.000000 0.991888 1.000000 1.000000 1.000000
2603.940186 0.000000 3034.616455 0.000000 0.671238 0.000000 0.741242 1.000000 1.000000 1.000000
2622.309326 0.000000 3026.281982 0.000000 0.040944 0.000000 -0.999161 1.000000 1.000000 1.000000
2594.415283 0.000000 3037.965820 0.000000 0.240422 0.000000 0.970668 1.000000 1.000000 1.000000
2599.127197 0.000000 3037.669189 0.000000 0.035648 0.000000 0.999364 1.000000 1.000000 1.000000
2601.563965 0.000000 3033.902100 0.000000 0.936745 0.000000 -0.350013 1.000000 1.000000 1.000000
2601.025879 0.000000 3035.851807 0.000000 0.982427 0.000000 0.186645 1.000000 1.000000 1.000000
2589.564941 0.000000 3036.340332 0.000000 0.722057 0.000000 0.691834 1.000000 1.000000 1.000000
2589.564209 0.000000 3038.452637 0.000000 0.895918 0.000000 0.444220 1.000000 1.000000 1.000000
2623.062988 0.000000 3024.531494 0.000000 0.408175 0.000000 -0.912904 1.000000 1.000000 1.000000
2623.088867 0.000000 3027.622803 0.000000 0.987180 0.000000 0.159609 1.000000 1.000000 1.000000
2631.169434 0.000000 3025.673340 0.000000 0.756245 0.000000 -0.654289 1.000000 1.000000 1.000000
2624.456299 0.000000 3033.248047 0.000000 0.707731 0.000000 -0.706482 1.000000 1.000000 1.000000
2624.277832 0.000000 3018.011230 0.000000 0.844585 0.000000 -0.535422 1.000000 1.000000 1.000000
2672.139893 0.000000 3037.686035 0.000000 0.970041 0.000000 -0.242942 1.000000 1.000000 1.000000
2628.228271 0.000000 3021.775635 0.000000 0.063423 0.000000 0.997987 1.000000 1.000000 1.000000
2642.123535 0.000000 3036.864990 0.000000 0.902363 0.000000 0.430978 1.000000 1.000000 1.000000
2683.473145 0.000000 3037.954102 0.000000 0.369810 0.000000 0.929107 1.000000 1.000000 1.000000
2627.308838 0.000000 3026.414795 0.000000 0.410664 0.000000 0.911787 1.000000 1.000000 1.000000
2645.657471 0.000000 3036.830811 0.000000 0.973546 0.000000 0.228490 1.000000 1.000000 1.000000
2625.005371 0.000000 3021.170166 0.000000 0.969419 0.000000 0.245413 1.000000 1.000000 1.000000
2669.045898 0.000000 3037.656738 0.000000 0.277392 0.000000 0.960757 1.000000 1.000000 1.000000
2652.046631 0.000000 3037.674316 0.000000 0.601466 0.000000 0.798898 1.000000 1.000000 1.000000
2680.296631 0.000000 3036.107910 0.000000 0.958525 0.000000 -0.285010 1.000000 1.000000 1.000000
2658.407471 0.000000 3037.965820 0.000000 0.974258 0.000000 -0.225438 1.000000 1.000000 1.000000
2632.230225 0.000000 3018.218750 0.000000 0.947451 0.000000 0.319901 1.000000 1.000000 1.000000
2663.119385 0.000000 3037.669189 0.000000 0.247544 0.000000 -0.968877 1.000000 1.000000 1.000000
2626.288574 0.000000 3028.560303 0.000000 0.965393 0.000000 0.260800 1.000000 1.000000 1.000000
2643.456055 0.000000 3038.747559 0.000000 0.486518 0.000000 0.873671 1.000000 1.000000 1.000000
2656.841064 0.000000 3036.538574 0.000000 0.574480 0.000000 0.818518 1.000000 1.000000 1.000000
2673.919434 0.000000 3038.723145 0.000000 0.999178 0.000000 0.040528 1.000000 1.000000 1.000000
2656.699463 0.000000 3038.730469 0.000000 0.166652 0.000000 -0.986016 1.000000 1.000000 1.000000
2676.343018 0.000000 3038.555420 0.000000 0.419879 0.000000 -0.907580 1.000000 1.000000 1.000000
2679.865967 0.000000 3037.865479 0.000000 0.409279 0.000000 -0.912409 1.000000 1.000000 1.000000
2625.089111 0.000000 3022.823730 0.000000 0.038313 0.000000 -0.999266 1.000000 1.000000 1.000000
2631.587891 0.000000 3021.146973 0.000000 0.730061 0.000000 -0.683382 1.000000 1.000000 1.000000
2678.990723 0.000000 3039.257812 0.000000 0.833265 0.000000 -0.552874 1.000000 1.000000 1.000000
2645.018799 0.000000 3038.463135 0.000000 0.790850 0.000000 -0.612010 1.000000 1.000000 1.000000
2629.836182 0.000000 3021.631592 0.000000 0.963066 0.000000 -0.269265 1.000000 1.000000 1.000000
2662.324951 0.000000 3036.310303 0.000000 0.333565 0.000000 -0.942727 1.000000 1.000000 1.000000
2659.238770 0.000000 3036.529053 0.000000 0.951674 0.000000 0.307111 1.000000 1.000000 1.000000
2666.408936 0.000000 3035.201660 0.000000 0.935648 0.000000 0.352935 1.000000 1.000000 1.000000
2661.608887 0.000000 3037.923584 0.000000 0.885915 0.000000 0.463848 1.000000 1.000000 1.000000
2648.743896 0.000000 3038.951660 0.000000 0.974852 0.000000 0.222853 1.000000 1.000000 1.000000
2664.689697 0.000000 3038.760254 0.000000 0.916268 0.000000 -0.400567 1.000000 1.000000 1.000000
2668.556641 0.000000 3036.460938 0.000000 0.517819 0.000000 0.855490 1.000000 1.000000 1.000000
2675.027588 0.000000 3038.270996 0.000000 0.941635 0.000000 0.336636 1.000000 1.000000 1.000000
2672.517822 0.000000 3038.789551 0.000000 0.223590 0.000000 0.974683 1.000000 1.000000 1.000000
2671.528564 0.000000 3038.526855 0.000000 0.677876 0.000000 -0.735176 1.000000 1.000000 1.000000
2688.448486 0.000000 3033.248047 0.000000 0.598186 0.000000 0.801357 1.000000 1.000000 1.000000
2719.907715 0.000000 3029.244629 0.000000 0.974619 0.000000 0.223872 1.000000 1.000000 1.000000
2716.676758 0.000000 3030.803955 0.000000 0.212503 0.000000 -0.977160 1.000000 1.000000 1.000000
2712.014160 0.000000 3033.895996 0.000000 0.853714 0.000000 0.520742 1.000000 1.000000 1.000000
2617.562012 0.000000 3051.239502 0.000000 0.785950 0.000000 0.618290 1.000000 1.000000 1.000000
2612.916504 0.000000 3045.167969 0.000000 0.986935 0.000000 -0.161120 1.000000 1.000000 1.000000
2612.018555 0.000000 3056.119141 0.000000 0.595909 0.000000 0.803052 1.000000 1.000000 1.000000
2580.012695 0.000000 3066.270264 0.000000 0.942656 0.000000 0.333765 1.000000 1.000000 1.000000
2573.276123 0.000000 3079.571777 0.000000 0.941247 0.000000 0.337719 1.000000 1.000000 1.000000
2620.835693 0.000000 3046.743896 0.000000 0.896090 0.000000 0.443873 1.000000 1.000000 1.000000
2599.738770 0.000000 3085.671387 0.000000 0.710457 0.000000 -0.703741 1.000000 1.000000 1.000000
2569.230713 0.000000 3072.021240 0.000000 0.364840 0.000000 -0.931070 1.000000 1.000000 1.000000
2615.058838 0.000000 3058.900879 0.000000 0.362337 0.000000 -0.932047 1.000000 1.000000 1.000000
2579.661621 0.000000 3069.406982 0.000000 0.762163 0.000000 -0.647385 1.000000 1.000000 1.000000
2576.119385 0.000000 3079.243408 0.000000 0.456852 0.000000 0.889543 1.000000 1.000000 1.000000
2572.495117 0.000000 3076.830078 0.000000 0.112874 0.000000 -0.993609 1.000000 1.000000 1.000000
2612.676758 0.000000 3042.673828 0.000000 0.748392 0.000000 -0.663256 1.000000 1.000000 1.000000
2607.547852 0.000000 3058.834229 0.000000 0.527973 0.000000 0.849261 1.000000 1.000000 1.000000
2614.268555 0.000000 3056.615723 0.000000 0.602556 0.000000 -0.798076 1.000000 1.000000 1.000000
2611.511475 0.000000 3062.221191 0.000000 0.846858 0.000000 0.531819 1.000000 1.000000 1.000000
2605.958740 0.000000 3055.510010 0.000000 0.819208 0.000000 0.573496 1.000000 1.000000 1.000000
2620.771973 0.000000 3062.634766 0.000000 0.602832 0.000000 -0.797868 1.000000 1.000000 1.000000
2619.493164 0.000000 3051.955811 0.000000 0.192473 0.000000 -0.981302 1.000000 1.000000 1.000000
2577.608154 0.000000 3071.864258 0.000000 0.827456 0.000000 0.561530 1.000000 1.000000 1.000000
2580.375244 0.000000 3074.524658 0.000000 0.655954 0.000000 -0.754801 1.000000 1.000000 1.000000
2567.261719 0.000000 3072.381104 0.000000 0.229224 0.000000 0.973374 1.000000 1.000000 1.000000
2575.435303 0.000000 3066.162109 0.000000 0.716735 0.000000 0.697346 1.000000 1.000000 1.000000
2604.334717 0.000000 3047.928711 0.000000 0.826571 0.000000 0.562833 1.000000 1.000000 1.000000
2608.250244 0.000000 3041.659180 0.000000 0.883510 0.000000 -0.468413 1.000000 1.000000 1.000000
2597.714844 0.000000 3081.329590 0.000000 0.228094 0.000000 -0.973639 1.000000 1.000000 1.000000
2574.509277 0.000000 3078.171143 0.000000 0.807098 0.000000 -0.590417 1.000000 1.000000 1.000000
2601.746338 0.000000 3082.039551 0.000000 0.968374 0.000000 -0.249504 1.000000 1.000000 1.000000
2575.972656 0.000000 3068.414062 0.000000 0.005049 0.000000 0.999987 1.000000 1.000000 1.000000
2572.597168 0.000000 3067.541992 0.000000 0.232376 0.000000 -0.972626 1.000000 1.000000 1.000000
2607.160889 0.000000 3044.834473 0.000000 0.928806 0.000000 0.370565 1.000000 1.000000 1.000000
2573.862061 0.000000 3065.697754 0.000000 0.182294 0.000000 0.983244 1.000000 1.000000 1.000000
2568.130371 0.000000 3070.838623 0.000000 0.118812 0.000000 0.992917 1.000000 1.000000 1.000000
2607.379883 0.000000 3062.971191 0.000000 0.170554 0.000000 -0.985348 1.000000 1.000000 1.000000
2605.690430 0.000000 3049.395752 0.000000 0.113959 0.000000 -0.993486 1.000000 1.000000 1.000000
2609.627441 0.000000 3043.521729 0.000000 0.249416 0.000000 -0.968397 1.000000 1.000000 1.000000
2620.479492 0.000000 3061.312256 0.000000 0.544172 0.000000 0.838974 1.000000 1.000000 1.000000
2589.720703 0.000000 3039.694336 0.000000 0.992508 0.000000 0.122182 1.000000 1.000000 1.000000
2611.389648 0.000000 3060.936768 0.000000 0.137698 0.000000 0.990474 1.000000 1.000000 1.000000
2617.768555 0.000000 3058.351807 0.000000 0.169269 0.000000 0.985570 1.000000 1.000000 1.000000
2618.731934 0.000000 3059.403076 0.000000 0.999352 0.000000 -0.036004 1.000000 1.000000 1.000000
2586.255859 0.000000 3039.431885 0.000000 0.033856 0.000000 -0.999427 1.000000 1.000000 1.000000
2619.863770 0.000000 3059.020508 0.000000 0.770457 0.000000 -0.637492 1.000000 1.000000 1.000000
2670.493408 0.000000 3040.728760 0.000000 0.946051 0.000000 0.324017 1.000000 1.000000 1.000000
2664.290527 0.000000 3052.073730 0.000000 0.611010 0.000000 -0.791623 1.000000 1.000000 1.000000
2645.446045 0.000000 3039.962402 0.000000 0.626907 0.000000 -0.779094 1.000000 1.000000 1.000000
2630.038818 0.000000 3091.067139 0.000000 0.976107 0.000000 0.217292 1.000000 1.000000 1.000000
2685.442139 0.000000 3095.246338 0.000000 0.609772 0.000000 0.792577 1.000000 1.000000 1.000000
2668.734375 0.000000 3053.762207 0.000000 0.659164 0.000000 0.751999 1.000000 1.000000 1.000000
2672.323975 0.000000 3045.999756 0.000000 0.558408 0.000000 -0.829567 1.000000 1.000000 1.000000
2674.206299 0.000000 3042.125732 0.000000 0.307029 0.000000 -0.951700 1.000000 1.000000 1.000000
2651.270264 0.000000 3046.383057 0.000000 0.998996 0.000000 -0.044793 1.000000 1.000000 1.000000
2639.375732 0.000000 3082.246582 0.000000 0.980365 0.000000 0.197190 1.000000 1.000000 1.000000
2687.601807 0.000000 3067.538818 0.000000 0.990259 0.000000 -0.139236 1.000000 1.000000 1.000000
2633.372070 0.000000 3043.090332 0.000000 0.589860 0.000000 0.807505 1.000000 1.000000 1.000000
2645.322754 0.000000 3047.889648 0.000000 0.391487 0.000000 0.920184 1.000000 1.000000 1.000000
2673.173340 0.000000 3039.418457 0.000000 0.326147 0.000000 0.945319 1.000000 1.000000 1.000000
2666.850586 0.000000 3043.308594 0.000000 0.995916 0.000000 0.090285 1.000000 1.000000 1.000000
2626.008789 0.000000 3062.251953 0.000000 0.302646 0.000000 0.953103 1.000000 1.000000 1.000000
2671.084717 0.000000 3067.155273 0.000000 0.882559 0.000000 -0.470201 1.000000 1.000000 1.000000
2634.038330 0.000000 3087.061768 0.000000 0.143596 0.000000 0.989636 1.000000 1.000000 1.000000
2660.479980 0.000000 3047.454346 0.000000 0.740574 0.000000 -0.671975 1.000000 1.000000 1.000000
2655.001221 0.000000 3039.517090 0.000000 0.856071 0.000000 0.516858 1.000000 1.000000 1.000000
2630.363281 0.000000 3084.690430 0.000000 0.823317 0.000000 -0.567582 1.000000 1.000000 1.000000
2674.467773 0.000000 3044.607666 0.000000 0.954214 0.000000 0.299124 1.000000 1.000000 1.000000
2672.252930 0.000000 3043.562988 0.000000 0.580436 0.000000 0.814306 1.000000 1.000000 1.000000
2680.679443 0.000000 3040.145508 0.000000 0.746579 0.000000 -0.665296 1.000000 1.000000 1.000000
2634.329834 0.000000 3078.015869 0.000000 0.991077 0.000000 0.133292 1.000000 1.000000 1.000000
2663.700928 0.000000 3068.888184 0.000000 0.951275 0.000000 -0.308343 1.000000 1.000000 1.000000
2661.127197 0.000000 3079.254395 0.000000 0.686737 0.000000 0.726906 1.000000 1.000000 1.000000
2683.953857 0.000000 3039.437256 0.000000 0.703079 0.000000 -0.711112 1.000000 1.000000 1.000000
2632.539062 0.000000 3085.145996 0.000000 0.273204 0.000000 0.961956 1.000000 1.000000 1.000000
2687.485840 0.000000 3095.967285 0.000000 0.573317 0.000000 -0.819334 1.000000 1.000000 1.000000
2653.170898 0.000000 3045.305908 0.000000 0.692596 0.000000 -0.721325 1.000000 1.000000 1.000000
2661.872559 0.000000 3070.136230 0.000000 0.992738 0.000000 0.120294 1.000000 1.000000 1.000000
2628.738281 0.000000 3047.109131 0.000000 0.320441 0.000000 0.947269 1.000000 1.000000 1.000000
2633.667969 0.000000 3082.674316 0.000000 0.987703 0.000000 0.156344 1.000000 1.000000 1.000000
2658.883545 0.000000 3045.718750 0.000000 0.726954 0.000000 0.686686 1.000000 1.000000 1.000000
2665.317139 0.000000 3072.620361 0.000000 0.881829 0.000000 -0.471570 1.000000 1.000000 1.000000
2649.248291 0.000000 3046.216797 0.000000 0.676935 0.000000 -0.736043 1.000000 1.000000 1.000000
2650.471436 0.000000 3081.806641 0.000000 0.102645 0.000000 -0.994718 1.000000 1.000000 1.000000
2655.079834 0.000000 3044.799561 0.000000 0.546383 0.000000 -0.837536 1.000000 1.000000 1.000000
2659.595215 0.000000 3083.098877 0.000000 0.976812 0.000000 -0.214097 1.000000 1.000000 1.000000
2672.242432 0.000000 3041.659180 0.000000 0.945227 0.000000 -0.326415 1.000000 1.000000 1.000000
2661.707031 0.000000 3081.329590 0.000000 0.803873 0.000000 -0.594801 1.000000 1.000000 1.000000
2635.806641 0.000000 3086.201172 0.000000 0.344065 0.000000 -0.938946 1.000000 1.000000 1.000000
2641.446533 0.000000 3048.698975 0.000000 0.932995 0.000000 0.359890 1.000000 1.000000 1.000000
2644.580811 0.000000 3041.572510 0.000000 0.125671 0.000000 0.992072 1.000000 1.000000 1.000000
2668.058838 0.000000 3044.673340 0.000000 0.648597 0.000000 -0.761132 1.000000 1.000000 1.000000
2641.978760 0.000000 3043.763428 0.000000 0.854298 0.000000 -0.519783 1.000000 1.000000 1.000000
2660.957764 0.000000 3071.629639 0.000000 0.278924 0.000000 -0.960313 1.000000 1.000000 1.000000
2632.713135 0.000000 3088.118652 0.000000 0.770212 0.000000 0.637788 1.000000 1.000000 1.000000
2658.174561 0.000000 3039.556641 0.000000 0.700307 0.000000 0.713842 1.000000 1.000000 1.000000
2657.726562 0.000000 3084.567871 0.000000 0.624840 0.000000 -0.780753 1.000000 1.000000 1.000000
2630.096680 0.000000 3046.054932 0.000000 0.561278 0.000000 0.827627 1.000000 1.000000 1.000000
2671.153076 0.000000 3044.834473 0.000000 0.575779 0.000000 -0.817606 1.000000 1.000000 1.000000
2660.957520 0.000000 3077.636719 0.000000 0.093501 0.000000 -0.995619 1.000000 1.000000 1.000000
2658.962402 0.000000 3079.781250 0.000000 0.864175 0.000000 0.503191 1.000000 1.000000 1.000000
2650.982666 0.000000 3040.406006 0.000000 0.805666 0.000000 -0.592370 1.000000 1.000000 1.000000
2638.679932 0.000000 3049.372070 0.000000 0.987391 0.000000 -0.158302 1.000000 1.000000 1.000000
2670.626709 0.000000 3068.681885 0.000000 0.640350 0.000000 0.768084 1.000000 1.000000 1.000000
2661.421387 0.000000 3039.889404 0.000000 0.999458 0.000000 0.032916 1.000000 1.000000 1.000000
2664.474609 0.000000 3053.648438 0.000000 0.907483 0.000000 -0.420089 1.000000 1.000000 1.000000
2667.478760 0.000000 3068.896484 0.000000 0.169215 0.000000 -0.985579 1.000000 1.000000 1.000000
2653.125977 0.000000 3080.405029 0.000000 0.881895 0.000000 -0.471445 1.000000 1.000000 1.000000
2646.914795 0.000000 3039.417969 0.000000 0.476232 0.000000 -0.879320 1.000000 1.000000 1.000000
2645.838623 0.000000 3046.007812 0.000000 0.931529 0.000000 -0.363667 1.000000 1.000000 1.000000
2664.727783 0.000000 3048.229736 0.000000 0.252060 0.000000 0.967712 1.000000 1.000000 1.000000
2667.335449 0.000000 3053.194580 0.000000 0.143241 0.000000 -0.989688 1.000000 1.000000 1.000000
2645.983643 0.000000 3041.356445 0.000000 0.967637 0.000000 0.252344 1.000000 1.000000 1.000000
2675.522949 0.000000 3041.561035 0.000000 0.851933 0.000000 0.523651 1.000000 1.000000 1.000000
2640.682373 0.000000 3044.905029 0.000000 0.208090 0.000000 -0.978110 1.000000 1.000000 1.000000
2663.683594 0.000000 3045.730713 0.000000 0.917533 0.000000 0.397659 1.000000 1.000000 1.000000
2662.346680 0.000000 3071.402588 0.000000 0.959734 0.000000 0.280912 1.000000 1.000000 1.000000
2663.692139 0.000000 3072.618408 0.000000 0.897207 0.000000 -0.441610 1.000000 1.000000 1.000000
2650.567139 0.000000 3042.966309 0.000000 0.837267 0.000000 0.546795 1.000000 1.000000 1.000000
2653.712891 0.000000 3039.694336 0.000000 0.456952 0.000000 0.889491 1.000000 1.000000 1.000000
2656.474854 0.000000 3084.933838 0.000000 0.875672 0.000000 0.482907 1.000000 1.000000 1.000000
2659.859375 0.000000 3076.829102 0.000000 0.999193 0.000000 -0.040164 1.000000 1.000000 1.000000
2654.614990 0.000000 3042.173096 0.000000 0.772452 0.000000 0.635073 1.000000 1.000000 1.000000
2643.132812 0.000000 3046.165283 0.000000 0.862670 0.000000 0.505767 1.000000 1.000000 1.000000
2640.596924 0.000000 3046.177734 0.000000 0.770339 0.000000 -0.637634 1.000000 1.000000 1.000000
2656.217773 0.000000 3075.740967 0.000000 0.454395 0.000000 -0.890800 1.000000 1.000000 1.000000
2657.576904 0.000000 3045.796631 0.000000 0.897196 0.000000 -0.441632 1.000000 1.000000 1.000000
2658.371582 0.000000 3083.520264 0.000000 0.529446 0.000000 -0.848344 1.000000 1.000000 1.000000
2665.337158 0.000000 3043.977539 0.000000 0.930475 0.000000 0.366355 1.000000 1.000000 1.000000
2634.851807 0.000000 3083.340332 0.000000 0.986241 0.000000 -0.165317 1.000000 1.000000 1.000000
2650.248047 0.000000 3039.431885 0.000000 0.883802 0.000000 0.467861 1.000000 1.000000 1.000000
2655.001953 0.000000 3043.535400 0.000000 0.269159 0.000000 -0.963096 1.000000 1.000000 1.000000
2659.992920 0.000000 3043.761719 0.000000 0.753293 0.000000 0.657685 1.000000 1.000000 1.000000
2667.255615 0.000000 3070.151123 0.000000 0.657179 0.000000 -0.753734 1.000000 1.000000 1.000000
2664.378418 0.000000 3049.415771 0.000000 0.143351 0.000000 0.989672 1.000000 1.000000 1.000000
2664.985107 0.000000 3071.453125 0.000000 0.675551 0.000000 0.737313 1.000000 1.000000 1.000000
2667.700684 0.000000 3051.157227 0.000000 0.500189 0.000000 0.865916 1.000000 1.000000 1.000000
2663.418213 0.000000 3046.897949 0.000000 0.997267 0.000000 0.073876 1.000000 1.000000 1.000000
2659.868408 0.000000 3079.015869 0.000000 0.987491 0.000000 -0.157678 1.000000 1.000000 1.000000
2656.611816 0.000000 3080.449219 0.000000 0.958169 0.000000 0.286205 1.000000 1.000000 1.000000
2656.642090 0.000000 3083.782715 0.000000 0.405313 0.000000 -0.914178 1.000000 1.000000 1.000000
2657.177490 0.000000 3076.506348 0.000000 0.972914 0.000000 -0.231167 1.000000 1.000000 1.000000
2656.068115 0.000000 3045.244141 0.000000 0.991285 0.000000 -0.131735 1.000000 1.000000 1.000000
2654.501953 0.000000 3040.458008 0.000000 0.914087 0.000000 -0.405517 1.000000 1.000000 1.000000
2670.392578 0.000000 3039.525391 0.000000 0.258952 0.000000 0.965890 1.000000 1.000000 1.000000
2639.414307 0.000000 3046.634521 0.000000 0.812412 0.000000 -0.583083 1.000000 1.000000 1.000000
2677.653809 0.000000 3040.462891 0.000000 0.463332 0.000000 0.886185 1.000000 1.000000 1.000000
2658.709473 0.000000 3080.772949 0.000000 0.310764 0.000000 0.950487 1.000000 1.000000 1.000000
2650.663330 0.000000 3041.341064 0.000000 0.540131 0.000000 0.841581 1.000000 1.000000 1.000000
2646.971436 0.000000 3044.530029 0.000000 0.330421 0.000000 -0.943834 1.000000 1.000000 1.000000
2734.485596 0.000000 3040.728760 0.000000 0.809933 0.000000 -0.586522 1.000000 1.000000 1.000000
2716.348877 0.000000 3039.487549 0.000000 0.869168 0.000000 -0.494517 1.000000 1.000000 1.000000
2693.823730 0.000000 3067.185303 0.000000 0.902319 0.000000 0.431070 1.000000 1.000000 1.000000
2695.348633 0.000000 3114.231934 0.000000 0.514054 0.000000 0.857758 1.000000 1.000000 1.000000
2722.386230 0.000000 3103.077881 0.000000 0.026946 0.000000 0.999637 1.000000 1.000000 1.000000
2701.825195 0.000000 3116.877930 0.000000 0.524029 0.000000 0.851700 1.000000 1.000000 1.000000
2688.448486 0.000000 3113.232422 0.000000 0.992864 0.000000 -0.119252 1.000000 1.000000 1.000000
2747.012695 0.000000 3058.165283 0.000000 0.993615 0.000000 -0.112826 1.000000 1.000000 1.000000
2719.340088 0.000000 3059.369141 0.000000 0.250669 0.000000 -0.968073 1.000000 1.000000 1.000000
2688.270020 0.000000 3097.995605 0.000000 0.590854 0.000000 -0.806778 1.000000 1.000000 1.000000
2710.212646 0.000000 3084.946533 0.000000 0.249252 0.000000 0.968439 1.000000 1.000000 1.000000
2713.086182 0.000000 3117.253418 0.000000 0.980349 0.000000 0.197269 1.000000 1.000000 1.000000
2697.203125 0.000000 3100.945801 0.000000 0.114313 0.000000 -0.993445 1.000000 1.000000 1.000000
2704.265381 0.000000 3094.251465 0.000000 0.794977 0.000000 -0.606639 1.000000 1.000000 1.000000
2731.516113 0.000000 3109.740479 0.000000 0.451513 0.000000 0.892265 1.000000 1.000000 1.000000
2706.518311 0.000000 3099.762695 0.000000 0.589734 0.000000 0.807598 1.000000 1.000000 1.000000
2743.043213 0.000000 3058.900879 0.000000 0.677711 0.000000 0.735328 1.000000 1.000000 1.000000
2711.527344 0.000000 3101.577393 0.000000 0.097053 0.000000 -0.995279 1.000000 1.000000 1.000000
2711.279785 0.000000 3059.251221 0.000000 0.705528 0.000000 0.708682 1.000000 1.000000 1.000000
2703.499512 0.000000 3090.457520 0.000000 0.216296 0.000000 -0.976328 1.000000 1.000000 1.000000
2719.168945 0.000000 3099.320068 0.000000 0.247563 0.000000 -0.968872 1.000000 1.000000 1.000000
2712.014160 0.000000 3113.880371 0.000000 0.851227 0.000000 0.524798 1.000000 1.000000 1.000000
2702.298096 0.000000 3067.775635 0.000000 0.283404 0.000000 -0.959001 1.000000 1.000000 1.000000
2700.791504 0.000000 3101.659180 0.000000 0.125810 0.000000 0.992054 1.000000 1.000000 1.000000
2727.617676 0.000000 3108.602295 0.000000 0.984560 0.000000 0.175049 1.000000 1.000000 1.000000
2701.102051 0.000000 3070.570557 0.000000 0.947370 0.000000 0.320142 1.000000 1.000000 1.000000
2693.214111 0.000000 3094.427734 0.000000 0.004573 0.000000 -0.999990 1.000000 1.000000 1.000000
2694.352783 0.000000 3108.180664 0.000000 0.000273 0.000000 -1.000000 1.000000 1.000000 1.000000
2694.089111 0.000000 3116.450195 0.000000 0.327623 0.000000 -0.944809 1.000000 1.000000 1.000000
2699.689697 0.000000 3109.664062 0.000000 0.028383 0.000000 -0.999597 1.000000 1.000000 1.000000
2705.779541 0.000000 3077.526367 0.000000 0.524308 0.000000 0.851529 1.000000 1.000000 1.000000
2712.898438 0.000000 3053.680176 0.000000 0.143241 0.000000 0.989688 1.000000 1.000000 1.000000
2691.471191 0.000000 3066.506592 0.000000 0.899370 0.000000 -0.437188 1.000000 1.000000 1.000000
2744.791504 0.000000 3057.277100 0.000000 0.977734 0.000000 0.209848 1.000000 1.000000 1.000000
2729.726318 0.000000 3107.663574 0.000000 0.960977 0.000000 0.276628 1.000000 1.000000 1.000000
2714.254883 0.000000 3049.272217 0.000000 0.725061 0.000000 0.688685 1.000000 1.000000 1.000000
2687.933594 0.000000 3063.238281 0.000000 0.039835 0.000000 -0.999206 1.000000 1.000000 1.000000
2708.835693 0.000000 3094.775146 0.000000 0.881150 0.000000 0.472837 1.000000 1.000000 1.000000
2693.914307 0.000000 3059.548828 0.000000 0.999993 0.000000 0.003853 1.000000 1.000000 1.000000
2716.968506 0.000000 3085.086182 0.000000 0.196401 0.000000 -0.980524 1.000000 1.000000 1.000000
2709.158203 0.000000 3086.837891 0.000000 0.797575 0.000000 0.603220 1.000000 1.000000 1.000000
2720.569092 0.000000 3049.275635 0.000000 0.997694 0.000000 0.067874 1.000000 1.000000 1.000000
2714.463623 0.000000 3081.806641 0.000000 0.069198 0.000000 -0.997603 1.000000 1.000000 1.000000
2719.072021 0.000000 3044.799561 0.000000 0.964972 0.000000 0.262351 1.000000 1.000000 1.000000
2702.938232 0.000000 3071.512695 0.000000 0.841299 0.000000 0.540571 1.000000 1.000000 1.000000
2712.271729 0.000000 3088.718506 0.000000 0.955579 0.000000 0.294735 1.000000 1.000000 1.000000
2703.419678 0.000000 3066.162109 0.000000 0.988387 0.000000 -0.151959 1.000000 1.000000 1.000000
2696.382080 0.000000 3076.740723 0.000000 0.775939 0.000000 -0.630808 1.000000 1.000000 1.000000
2711.027832 0.000000 3086.913330 0.000000 0.493958 0.000000 -0.869486 1.000000 1.000000 1.000000
2712.884521 0.000000 3112.170654 0.000000 0.041720 0.000000 -0.999129 1.000000 1.000000 1.000000
2702.274902 0.000000 3061.095459 0.000000 0.625847 0.000000 -0.779946 1.000000 1.000000 1.000000
2714.965332 0.000000 3110.110107 0.000000 0.852948 0.000000 -0.521995 1.000000 1.000000 1.000000
2708.624023 0.000000 3110.808350 0.000000 0.485002 0.000000 -0.874513 1.000000 1.000000 1.000000
2719.413330 0.000000 3083.606445 0.000000 0.918000 0.000000 -0.396581 1.000000 1.000000 1.000000
2705.905029 0.000000 3068.829346 0.000000 0.938150 0.000000 -0.346229 1.000000 1.000000 1.000000
2703.957031 0.000000 3068.414062 0.000000 0.623415 0.000000 -0.781891 1.000000 1.000000 1.000000
2707.821777 0.000000 3076.284424 0.000000 0.987935 0.000000 -0.154871 1.000000 1.000000 1.000000
2690.117188 0.000000 3089.648438 0.000000 0.867706 0.000000 -0.497077 1.000000 1.000000 1.000000
2687.741699 0.000000 3065.322266 0.000000 0.540396 0.000000 -0.841411 1.000000 1.000000 1.000000
2720.360840 0.000000 3046.336182 0.000000 0.777007 0.000000 -0.629492 1.000000 1.000000 1.000000
2714.400879 0.000000 3052.775879 0.000000 0.542965 0.000000 -0.839755 1.000000 1.000000 1.000000
2717.459961 0.000000 3051.384521 0.000000 0.672786 0.000000 -0.739837 1.000000 1.000000 1.000000
2717.207275 0.000000 3083.416504 0.000000 0.041348 0.000000 0.999145 1.000000 1.000000 1.000000
2699.940918 0.000000 3078.422119 0.000000 0.994036 0.000000 -0.109056 1.000000 1.000000 1.000000
2718.278076 0.000000 3048.821533 0.000000 0.902344 0.000000 0.431016 1.000000 1.000000 1.000000
2713.768555 0.000000 3078.939697 0.000000 0.900621 0.000000 0.434606 1.000000 1.000000 1.000000
2694.705322 0.000000 3109.800293 0.000000 0.919425 0.000000 0.393265 1.000000 1.000000 1.000000
2692.542725 0.000000 3060.796143 0.000000 0.996094 0.000000 0.088295 1.000000 1.000000 1.000000
2697.306641 0.000000 3059.453857 0.000000 0.891521 0.000000 0.452980 1.000000 1.000000 1.000000
2697.018799 0.000000 3096.830566 0.000000 0.986519 0.000000 -0.163644 1.000000 1.000000 1.000000
2709.914062 0.000000 3101.157227 0.000000 0.933697 0.000000 0.358064 1.000000 1.000000 1.000000
2711.947266 0.000000 3081.535889 0.000000 0.399737 0.000000 0.916630 1.000000 1.000000 1.000000
2699.113037 0.000000 3082.167969 0.000000 0.999078 0.000000 -0.042933 1.000000 1.000000 1.000000
2707.661621 0.000000 3059.498291 0.000000 0.999855 0.000000 -0.017048 1.000000 1.000000 1.000000
2695.117676 0.000000 3094.405518 0.000000 0.862474 0.000000 0.506102 1.000000 1.000000 1.000000
2701.981201 0.000000 3059.027588 0.000000 0.413314 0.000000 -0.910589 1.000000 1.000000 1.000000
2715.414551 0.000000 3050.216797 0.000000 0.659495 0.000000 0.751709 1.000000 1.000000 1.000000
2696.260010 0.000000 3099.766357 0.000000 0.956910 0.000000 0.290386 1.000000 1.000000 1.000000
2714.277344 0.000000 3111.624268 0.000000 0.876476 0.000000 -0.481445 1.000000 1.000000 1.000000
2720.176025 0.000000 3047.821045 0.000000 0.233473 0.000000 0.972363 1.000000 1.000000 1.000000
2690.353027 0.000000 3092.694336 0.000000 0.899278 0.000000 0.437377 1.000000 1.000000 1.000000
2707.761963 0.000000 3100.573242 0.000000 0.578132 0.000000 -0.815943 1.000000 1.000000 1.000000
2690.957275 0.000000 3110.054688 0.000000 0.245119 0.000000 -0.969493 1.000000 1.000000 1.000000
2744.539307 0.000000 3058.739990 0.000000 0.064689 0.000000 0.997905 1.000000 1.000000 1.000000
2707.056152 0.000000 3073.769531 0.000000 0.610711 0.000000 -0.791854 1.000000 1.000000 1.000000
2713.972656 0.000000 3083.396484 0.000000 0.714992 0.000000 -0.699133 1.000000 1.000000 1.000000
2712.443604 0.000000 3090.118408 0.000000 0.881858 0.000000 -0.471516 1.000000 1.000000 1.000000
2702.615234 0.000000 3072.969727 0.000000 0.986676 0.000000 0.162695 1.000000 1.000000 1.000000
2709.418213 0.000000 3112.055664 0.000000 0.998858 0.000000 -0.047782 1.000000 1.000000 1.000000
2689.355957 0.000000 3090.819092 0.000000 0.074717 0.000000 0.997205 1.000000 1.000000 1.000000
2691.592773 0.000000 3093.842041 0.000000 0.471116 0.000000 -0.882071 1.000000 1.000000 1.000000
2704.292969 0.000000 3071.554199 0.000000 0.204941 0.000000 -0.978774 1.000000 1.000000 1.000000
2697.832520 0.000000 3085.704590 0.000000 0.983408 0.000000 0.181408 1.000000 1.000000 1.000000
2717.486572 0.000000 3050.028809 0.000000 0.426911 0.000000 -0.904293 1.000000 1.000000 1.000000
2691.132080 0.000000 3114.595703 0.000000 0.504269 0.000000 0.863547 1.000000 1.000000 1.000000
2707.132568 0.000000 3077.407227 0.000000 0.622167 0.000000 -0.782884 1.000000 1.000000 1.000000
2692.624268 0.000000 3091.264648 0.000000 0.769396 0.000000 -0.638772 1.000000 1.000000 1.000000
2743.496582 0.000000 3056.220215 0.000000 0.999365 0.000000 -0.035642 1.000000 1.000000 1.000000
2692.770996 0.000000 3116.733643 0.000000 0.765684 0.000000 -0.643217 1.000000 1.000000 1.000000
2708.818848 0.000000 3114.567627 0.000000 0.089220 0.000000 0.996012 1.000000 1.000000 1.000000
2692.450684 0.000000 3065.673096 0.000000 0.923303 0.000000 0.384072 1.000000 1.000000 1.000000
2726.662598 0.000000 3118.852051 0.000000 0.946989 0.000000 0.321265 1.000000 1.000000 1.000000
2697.700928 0.000000 3076.876709 0.000000 0.634787 0.000000 0.772687 1.000000 1.000000 1.000000
2704.708740 0.000000 3059.584473 0.000000 0.941275 0.000000 0.337641 1.000000 1.000000 1.000000
2709.203857 0.000000 3098.307617 0.000000 0.536461 0.000000 0.843925 1.000000 1.000000 1.000000
2696.952148 0.000000 3077.830322 0.000000 0.711386 0.000000 -0.702801 1.000000 1.000000 1.000000
2693.616211 0.000000 3089.960449 0.000000 0.477108 0.000000 0.878845 1.000000 1.000000 1.000000
2706.527100 0.000000 3059.925537 0.000000 0.911053 0.000000 -0.412288 1.000000 1.000000 1.000000
2709.416016 0.000000 3057.324219 0.000000 0.838935 0.000000 -0.544232 1.000000 1.000000 1.000000
2710.145752 0.000000 3099.008301 0.000000 0.168878 0.000000 0.985637 1.000000 1.000000 1.000000
2692.546875 0.000000 3111.176758 0.000000 0.404017 0.000000 0.914752 1.000000 1.000000 1.000000
2693.207031 0.000000 3062.625000 0.000000 0.946567 0.000000 0.322508 1.000000 1.000000 1.000000
2699.800781 0.000000 3084.974121 0.000000 0.999672 0.000000 0.025621 1.000000 1.000000 1.000000
2696.575195 0.000000 3082.329834 0.000000 0.886570 0.000000 -0.462595 1.000000 1.000000 1.000000
2715.474609 0.000000 3082.395996 0.000000 0.118578 0.000000 -0.992945 1.000000 1.000000 1.000000
2696.227539 0.000000 3059.729980 0.000000 0.763903 0.000000 -0.645332 1.000000 1.000000 1.000000
2697.285889 0.000000 3098.066895 0.000000 0.102578 0.000000 0.994725 1.000000 1.000000 1.000000
2707.555908 0.000000 3075.267578 0.000000 0.998476 0.000000 0.055179 1.000000 1.000000 1.000000
2693.181641 0.000000 3113.295654 0.000000 0.342594 0.000000 0.939484 1.000000 1.000000 1.000000
2692.511475 0.000000 3114.511230 0.000000 0.492783 0.000000 -0.870152 1.000000 1.000000 1.000000
2705.548828 0.000000 3074.594238 0.000000 0.989266 0.000000 0.146128 1.000000 1.000000 1.000000
2719.337646 0.000000 3046.257568 0.000000 0.340088 0.000000 -0.940394 1.000000 1.000000 1.000000
2697.870850 0.000000 3079.440186 0.000000 0.826595 0.000000 0.562798 1.000000 1.000000 1.000000
2691.069824 0.000000 3115.575684 0.000000 0.814787 0.000000 0.579760 1.000000 1.000000 1.000000
2711.022949 0.000000 3113.904297 0.000000 0.147804 0.000000 0.989017 1.000000 1.000000 1.000000
2707.850098 0.000000 3058.485107 0.000000 0.031408 0.000000 -0.999507 1.000000 1.000000 1.000000
2703.842529 0.000000 3058.619873 0.000000 0.998341 0.000000 -0.057572 1.000000 1.000000 1.000000
2720.236084 0.000000 3133.615967 0.000000 0.352394 0.000000 0.935852 1.000000 1.000000 1.000000
2712.232178 0.000000 3128.155518 0.000000 0.422690 0.000000 -0.906274 1.000000 1.000000 1.000000
2728.282715 0.000000 3132.058105 0.000000 0.766554 0.000000 0.642180 1.000000 1.000000 1.000000
2709.438232 0.000000 3119.946777 0.000000 0.528022 0.000000 -0.849231 1.000000 1.000000 1.000000
2740.002930 0.000000 3136.103516 0.000000 0.477142 0.000000 -0.878826 1.000000 1.000000 1.000000
2729.017334 0.000000 3121.044189 0.000000 0.994702 0.000000 -0.102797 1.000000 1.000000 1.000000
2706.422119 0.000000 3155.141846 0.000000 0.457927 0.000000 -0.888990 1.000000 1.000000 1.000000
2689.697754 0.000000 3135.368164 0.000000 0.683551 0.000000 -0.729903 1.000000 1.000000 1.000000
2704.534668 0.000000 3150.074463 0.000000 0.581604 0.000000 0.813472 1.000000 1.000000 1.000000
2731.516113 0.000000 3189.724854 0.000000 0.995655 0.000000 -0.093119 1.000000 1.000000 1.000000
2715.798340 0.000000 3131.704346 0.000000 0.958649 0.000000 -0.284592 1.000000 1.000000 1.000000
2722.501709 0.000000 3178.022217 0.000000 0.701319 0.000000 -0.712847 1.000000 1.000000 1.000000
2705.148682 0.000000 3119.428467 0.000000 0.482700 0.000000 0.875786 1.000000 1.000000 1.000000
2743.043213 0.000000 3138.885254 0.000000 0.056284 0.000000 0.998415 1.000000 1.000000 1.000000
2717.816650 0.000000 3123.214111 0.000000 0.955942 0.000000 0.293555 1.000000 1.000000 1.000000
2708.358643 0.000000 3157.951172 0.000000 0.265068 0.000000 0.964230 1.000000 1.000000 1.000000
2719.204590 0.000000 3185.941895 0.000000 0.515382 0.000000 -0.856961 1.000000 1.000000 1.000000
2718.917236 0.000000 3130.428955 0.000000 0.736873 0.000000 0.676031 1.000000 1.000000 1.000000
2737.820068 0.000000 3133.575439 0.000000 0.557311 0.000000 0.830304 1.000000 1.000000 1.000000
2697.364258 0.000000 3123.074707 0.000000 0.123971 0.000000 0.992286 1.000000 1.000000 1.000000
2707.727051 0.000000 3152.470947 0.000000 0.150437 0.000000 -0.988620 1.000000 1.000000 1.000000
2716.617188 0.000000 3128.906738 0.000000 0.629415 0.000000 -0.777070 1.000000 1.000000 1.000000
2691.696777 0.000000 3133.572998 0.000000 0.381150 0.000000 -0.924513 1.000000 1.000000 1.000000
2735.224609 0.000000 3133.073486 0.000000 0.992941 0.000000 -0.118606 1.000000 1.000000 1.000000
2688.725586 0.000000 3125.976807 0.000000 0.712741 0.000000 0.701428 1.000000 1.000000 1.000000
2721.899658 0.000000 3135.381836 0.000000 0.908762 0.000000 -0.417315 1.000000 1.000000 1.000000
2721.156006 0.000000 3131.270020 0.000000 0.997679 0.000000 0.068098 1.000000 1.000000 1.000000
2695.982422 0.000000 3120.228760 0.000000 0.585108 0.000000 -0.810955 1.000000 1.000000 1.000000
2690.484863 0.000000 3127.567383 0.000000 0.795849 0.000000 0.605495 1.000000 1.000000 1.000000
2730.466797 0.000000 3184.606201 0.000000 0.961363 0.000000 -0.275285 1.000000 1.000000 1.000000
2717.042725 0.000000 3179.086670 0.000000 0.776962 0.000000 -0.629548 1.000000 1.000000 1.000000
2724.340576 0.000000 3137.348633 0.000000 0.850574 0.000000 0.525855 1.000000 1.000000 1.000000
2702.938232 0.000000 3151.497070 0.000000 0.943091 0.000000 0.332534 1.000000 1.000000 1.000000
2717.394043 0.000000 3185.050781 0.000000 0.971465 0.000000 -0.237184 1.000000 1.000000 1.000000
2720.622314 0.000000 3178.041016 0.000000 0.544322 0.000000 -0.838877 1.000000 1.000000 1.000000
2736.266846 0.000000 3134.589111 0.000000 0.115936 0.000000 0.993257 1.000000 1.000000 1.000000
2716.829346 0.000000 3127.128174 0.000000 0.767833 0.000000 0.640650 1.000000 1.000000 1.000000
2694.128906 0.000000 3120.140625 0.000000 0.210849 0.000000 0.977519 1.000000 1.000000 1.000000
2712.051270 0.000000 3129.857666 0.000000 0.956430 0.000000 0.291961 1.000000 1.000000 1.000000
2702.836914 0.000000 3154.316406 0.000000 0.864251 0.000000 0.503061 1.000000 1.000000 1.000000
2710.833496 0.000000 3128.720215 0.000000 0.908603 0.000000 0.417661 1.000000 1.000000 1.000000
2715.562012 0.000000 3127.977051 0.000000 0.073738 0.000000 -0.997278 1.000000 1.000000 1.000000
2693.211914 0.000000 3123.116699 0.000000 0.883472 0.000000 -0.468484 1.000000 1.000000 1.000000
2690.116455 0.000000 3126.201172 0.000000 0.946624 0.000000 0.322339 1.000000 1.000000 1.000000
2720.420654 0.000000 3179.820312 0.000000 0.995388 0.000000 -0.095928 1.000000 1.000000 1.000000
2693.204834 0.000000 3121.295410 0.000000 0.903087 0.000000 -0.429457 1.000000 1.000000 1.000000
2690.661621 0.000000 3128.867188 0.000000 0.998741 0.000000 -0.050168 1.000000 1.000000 1.000000
2712.044434 0.000000 3126.666748 0.000000 0.179320 0.000000 0.983791 1.000000 1.000000 1.000000
2691.410645 0.000000 3126.706543 0.000000 0.933699 0.000000 0.358059 1.000000 1.000000 1.000000
2718.735352 0.000000 3180.398438 0.000000 0.836482 0.000000 0.547994 1.000000 1.000000 1.000000
2718.112061 0.000000 3178.661865 0.000000 0.124525 0.000000 0.992216 1.000000 1.000000 1.000000
2718.585449 0.000000 3181.627686 0.000000 0.352705 0.000000 0.935735 1.000000 1.000000 1.000000
2715.360107 0.000000 3183.074707 0.000000 0.228151 0.000000 -0.973626 1.000000 1.000000 1.000000
2724.642090 0.000000 3134.031250 0.000000 0.887239 0.000000 -0.461311 1.000000 1.000000 1.000000
2741.374512 0.000000 3199.430420 0.000000 0.887342 0.000000 0.461112 1.000000 1.000000 1.000000
2743.476807 0.000000 3202.502930 0.000000 0.491764 0.000000 0.870729 1.000000 1.000000 1.000000
2749.261719 0.000000 3210.800293 0.000000 0.741718 0.000000 -0.670712 1.000000 1.000000 1.000000
2743.184570 0.000000 3204.935791 0.000000 0.177955 0.000000 -0.984039 1.000000 1.000000 1.000000
2736.234619 0.000000 3201.627930 0.000000 0.567205 0.000000 -0.823577 1.000000 1.000000 1.000000
2742.044434 0.000000 3203.675293 0.000000 0.972815 0.000000 -0.231582 1.000000 1.000000 1.000000
2739.880127 0.000000 3203.971436 0.000000 0.770595 0.000000 -0.637325 1.000000 1.000000 1.000000
2742.054199 0.000000 3202.086670 0.000000 0.696961 0.000000 0.717109 1.000000 1.000000 1.000000
2739.515137 0.000000 3201.529785 0.000000 0.510247 0.000000 0.860028 1.000000 1.000000 1.000000
2739.076904 0.000000 3202.985840 0.000000 0.847611 0.000000 0.530618 1.000000 1.000000 1.000000
2738.510254 0.000000 3201.084961 0.000000 0.714677 0.000000 -0.699455 1.000000 1.000000 1.000000
"}
object={
	name="tree_cypress_01_generator_1_1"
	clamp_to_water_level=no
	render_under_water=no
	generated_content=yes
	layer="tree_high_layer"
	pdxmesh="tree_cypress_01_b_mesh"
	count=211
	transform="2599.161133 0.000000 3034.980713 0.000000 0.932307 0.000000 -0.361669 1.000000 1.000000 1.000000
2622.417480 0.000000 3029.000977 0.000000 0.993527 0.000000 -0.113595 1.000000 1.000000 1.000000
2586.865723 0.000000 3035.450439 0.000000 0.383287 0.000000 -0.923629 1.000000 1.000000 1.000000
2683.901855 0.000000 3028.236572 0.000000 0.580915 0.000000 0.813964 1.000000 1.000000 1.000000
2687.176270 0.000000 3035.462891 0.000000 0.378968 0.000000 0.925410 1.000000 1.000000 1.000000
2681.689941 0.000000 3033.627441 0.000000 0.723298 0.000000 -0.690536 1.000000 1.000000 1.000000
2623.873047 0.000000 3028.928955 0.000000 0.080109 0.000000 -0.996786 1.000000 1.000000 1.000000
2655.086670 0.000000 3037.640625 0.000000 0.263907 0.000000 0.964548 1.000000 1.000000 1.000000
2669.001953 0.000000 3032.107910 0.000000 0.823829 0.000000 -0.566838 1.000000 1.000000 1.000000
2669.568604 0.000000 3035.772461 0.000000 0.300311 0.000000 0.953841 1.000000 1.000000 1.000000
2670.600342 0.000000 3038.962158 0.000000 0.989272 0.000000 0.146085 1.000000 1.000000 1.000000
2653.556396 0.000000 3038.452637 0.000000 0.939370 0.000000 0.342906 1.000000 1.000000 1.000000
2641.296631 0.000000 3038.580811 0.000000 0.172592 0.000000 0.984993 1.000000 1.000000 1.000000
2671.118652 0.000000 3036.385742 0.000000 0.989079 0.000000 0.147386 1.000000 1.000000 1.000000
2678.625244 0.000000 3036.397949 0.000000 0.400738 0.000000 -0.916193 1.000000 1.000000 1.000000
2659.437012 0.000000 3039.380371 0.000000 0.850914 0.000000 0.525304 1.000000 1.000000 1.000000
2677.535645 0.000000 3038.807861 0.000000 0.755772 0.000000 -0.654835 1.000000 1.000000 1.000000
2606.501221 0.000000 3040.728760 0.000000 0.469045 0.000000 0.883174 1.000000 1.000000 1.000000
2588.364502 0.000000 3039.487549 0.000000 0.999933 0.000000 -0.011546 1.000000 1.000000 1.000000
2574.760010 0.000000 3064.322266 0.000000 0.933459 0.000000 -0.358684 1.000000 1.000000 1.000000
2613.645264 0.000000 3062.847900 0.000000 0.928090 0.000000 -0.372355 1.000000 1.000000 1.000000
2600.298340 0.000000 3052.073730 0.000000 0.976976 0.000000 0.213349 1.000000 1.000000 1.000000
2571.079346 0.000000 3068.354248 0.000000 0.181907 0.000000 -0.983316 1.000000 1.000000 1.000000
2618.666016 0.000000 3062.280518 0.000000 0.973012 0.000000 0.230753 1.000000 1.000000 1.000000
2604.361816 0.000000 3049.961182 0.000000 0.414978 0.000000 0.909832 1.000000 1.000000 1.000000
2574.313721 0.000000 3067.775635 0.000000 0.999724 0.000000 0.023504 1.000000 1.000000 1.000000
2573.117676 0.000000 3070.570557 0.000000 0.614096 0.000000 -0.789232 1.000000 1.000000 1.000000
2572.242432 0.000000 3065.744873 0.000000 0.457323 0.000000 0.889300 1.000000 1.000000 1.000000
2615.204590 0.000000 3052.472656 0.000000 0.899634 0.000000 -0.436645 1.000000 1.000000 1.000000
2602.688965 0.000000 3051.743896 0.000000 0.844002 0.000000 0.536340 1.000000 1.000000 1.000000
2616.633545 0.000000 3049.133057 0.000000 0.914327 0.000000 0.404976 1.000000 1.000000 1.000000
2570.356934 0.000000 3066.099609 0.000000 0.460110 0.000000 -0.887862 1.000000 1.000000 1.000000
2577.920654 0.000000 3068.829346 0.000000 0.940893 0.000000 0.338704 1.000000 1.000000 1.000000
2619.690186 0.000000 3050.381592 0.000000 0.204685 0.000000 -0.978828 1.000000 1.000000 1.000000
2599.322754 0.000000 3082.833252 0.000000 0.376520 0.000000 -0.926408 1.000000 1.000000 1.000000
2611.530762 0.000000 3041.561035 0.000000 0.893755 0.000000 0.448556 1.000000 1.000000 1.000000
2607.948242 0.000000 3061.811279 0.000000 0.995498 0.000000 -0.094782 1.000000 1.000000 1.000000
2617.070068 0.000000 3056.075684 0.000000 0.971608 0.000000 0.236596 1.000000 1.000000 1.000000
2619.428223 0.000000 3057.056641 0.000000 0.999216 0.000000 0.039590 1.000000 1.000000 1.000000
2617.991211 0.000000 3057.242676 0.000000 0.973830 0.000000 -0.227278 1.000000 1.000000 1.000000
2684.065918 0.000000 3090.386475 0.000000 0.866669 0.000000 0.498884 1.000000 1.000000 1.000000
2665.152588 0.000000 3066.940186 0.000000 0.959903 0.000000 0.280333 1.000000 1.000000 1.000000
2623.985352 0.000000 3048.390625 0.000000 0.727332 0.000000 0.686286 1.000000 1.000000 1.000000
2631.308838 0.000000 3086.999512 0.000000 0.471353 0.000000 0.881945 1.000000 1.000000 1.000000
2655.221924 0.000000 3085.392334 0.000000 0.820270 0.000000 0.571977 1.000000 1.000000 1.000000
2651.625977 0.000000 3079.987549 0.000000 0.145622 0.000000 -0.989340 1.000000 1.000000 1.000000
2661.677490 0.000000 3041.465820 0.000000 0.354506 0.000000 0.935054 1.000000 1.000000 1.000000
2657.058838 0.000000 3044.618164 0.000000 0.705140 0.000000 -0.709068 1.000000 1.000000 1.000000
2669.737793 0.000000 3043.948975 0.000000 0.614006 0.000000 -0.789301 1.000000 1.000000 1.000000
2657.701172 0.000000 3047.461914 0.000000 0.997935 0.000000 -0.064234 1.000000 1.000000 1.000000
2676.668945 0.000000 3042.673828 0.000000 0.576214 0.000000 0.817299 1.000000 1.000000 1.000000
2642.998291 0.000000 3047.544922 0.000000 0.509714 0.000000 0.860344 1.000000 1.000000 1.000000
2668.800781 0.000000 3042.056152 0.000000 0.005528 0.000000 -0.999985 1.000000 1.000000 1.000000
2639.411621 0.000000 3045.572754 0.000000 0.999447 0.000000 -0.033267 1.000000 1.000000 1.000000
2678.741455 0.000000 3040.815430 0.000000 0.408611 0.000000 -0.912709 1.000000 1.000000 1.000000
2638.800781 0.000000 3080.536133 0.000000 0.546233 0.000000 -0.837633 1.000000 1.000000 1.000000
2666.195312 0.000000 3047.843262 0.000000 0.994643 0.000000 -0.103366 1.000000 1.000000 1.000000
2641.055664 0.000000 3042.163818 0.000000 0.780296 0.000000 -0.625410 1.000000 1.000000 1.000000
2623.749512 0.000000 3065.322266 0.000000 0.801835 0.000000 -0.597546 1.000000 1.000000 1.000000
2686.566406 0.000000 3062.248535 0.000000 0.276641 0.000000 0.960973 1.000000 1.000000 1.000000
2670.732178 0.000000 3042.577637 0.000000 0.624178 0.000000 -0.781282 1.000000 1.000000 1.000000
2646.887451 0.000000 3047.131104 0.000000 0.806893 0.000000 -0.590697 1.000000 1.000000 1.000000
2676.800537 0.000000 3041.022705 0.000000 0.884391 0.000000 -0.466746 1.000000 1.000000 1.000000
2644.340820 0.000000 3046.611084 0.000000 0.206269 0.000000 -0.978495 1.000000 1.000000 1.000000
2686.976318 0.000000 3094.267578 0.000000 0.480435 0.000000 0.877030 1.000000 1.000000 1.000000
2667.096924 0.000000 3049.089844 0.000000 0.762643 0.000000 -0.646820 1.000000 1.000000 1.000000
2641.510498 0.000000 3047.076904 0.000000 0.339720 0.000000 -0.940526 1.000000 1.000000 1.000000
2632.395752 0.000000 3083.626953 0.000000 0.374668 0.000000 0.927159 1.000000 1.000000 1.000000
2658.508057 0.000000 3076.710449 0.000000 0.956248 0.000000 -0.292559 1.000000 1.000000 1.000000
2643.126221 0.000000 3044.699463 0.000000 0.324535 0.000000 -0.945874 1.000000 1.000000 1.000000
2673.497803 0.000000 3040.845947 0.000000 0.974777 0.000000 -0.223179 1.000000 1.000000 1.000000
2652.501221 0.000000 3078.691406 0.000000 0.996982 0.000000 0.077638 1.000000 1.000000 1.000000
2658.640137 0.000000 3081.990723 0.000000 0.641426 0.000000 -0.767185 1.000000 1.000000 1.000000
2641.812500 0.000000 3040.853271 0.000000 0.447364 0.000000 -0.894352 1.000000 1.000000 1.000000
2632.678711 0.000000 3086.639648 0.000000 0.096197 0.000000 -0.995362 1.000000 1.000000 1.000000
2665.392334 0.000000 3051.115234 0.000000 0.837787 0.000000 -0.545998 1.000000 1.000000 1.000000
2631.598389 0.000000 3047.227051 0.000000 0.968458 0.000000 0.249179 1.000000 1.000000 1.000000
2668.397217 0.000000 3043.359131 0.000000 0.449673 0.000000 -0.893193 1.000000 1.000000 1.000000
2652.377197 0.000000 3043.076416 0.000000 0.604434 0.000000 0.796655 1.000000 1.000000 1.000000
2673.619629 0.000000 3043.521729 0.000000 0.332340 0.000000 0.943160 1.000000 1.000000 1.000000
2658.630371 0.000000 3041.314697 0.000000 0.152477 0.000000 0.988307 1.000000 1.000000 1.000000
2625.610107 0.000000 3063.523682 0.000000 0.730069 0.000000 0.683373 1.000000 1.000000 1.000000
2679.389160 0.000000 3039.616699 0.000000 0.998974 0.000000 -0.045283 1.000000 1.000000 1.000000
2654.359375 0.000000 3045.853271 0.000000 0.036410 0.000000 -0.999337 1.000000 1.000000 1.000000
2638.708740 0.000000 3047.486084 0.000000 0.632038 0.000000 0.774937 1.000000 1.000000 1.000000
2663.319824 0.000000 3070.158203 0.000000 0.847752 0.000000 0.530392 1.000000 1.000000 1.000000
2664.621582 0.000000 3039.907959 0.000000 0.830262 0.000000 0.557374 1.000000 1.000000 1.000000
2672.380615 0.000000 3040.347412 0.000000 0.364078 0.000000 0.931369 1.000000 1.000000 1.000000
2648.728271 0.000000 3041.316406 0.000000 0.264034 0.000000 0.964513 1.000000 1.000000 1.000000
2667.622559 0.000000 3042.389893 0.000000 0.218643 0.000000 0.975805 1.000000 1.000000 1.000000
2664.836426 0.000000 3045.429199 0.000000 0.524902 0.000000 0.851163 1.000000 1.000000 1.000000
2665.952393 0.000000 3046.198242 0.000000 0.518877 0.000000 -0.854849 1.000000 1.000000 1.000000
2656.850586 0.000000 3042.069580 0.000000 0.871852 0.000000 -0.489769 1.000000 1.000000 1.000000
2687.176758 0.000000 3093.146729 0.000000 0.500961 0.000000 0.865470 1.000000 1.000000 1.000000
2659.627197 0.000000 3044.890381 0.000000 0.854936 0.000000 -0.518734 1.000000 1.000000 1.000000
2664.289795 0.000000 3050.953613 0.000000 0.676206 0.000000 0.736713 1.000000 1.000000 1.000000
2667.001953 0.000000 3044.394775 0.000000 0.988437 0.000000 0.151630 1.000000 1.000000 1.000000
2666.125732 0.000000 3042.511963 0.000000 0.731268 0.000000 0.682091 1.000000 1.000000 1.000000
2646.420166 0.000000 3040.411133 0.000000 0.784046 0.000000 -0.620702 1.000000 1.000000 1.000000
2674.518066 0.000000 3041.116211 0.000000 0.596305 0.000000 0.802758 1.000000 1.000000 1.000000
2658.179443 0.000000 3044.996338 0.000000 0.947115 0.000000 0.320894 1.000000 1.000000 1.000000
2657.897217 0.000000 3042.095947 0.000000 0.989954 0.000000 0.141388 1.000000 1.000000 1.000000
2650.364990 0.000000 3043.906494 0.000000 0.277187 0.000000 -0.960816 1.000000 1.000000 1.000000
2690.614258 0.000000 3040.615967 0.000000 0.999820 0.000000 -0.018977 1.000000 1.000000 1.000000
2699.769531 0.000000 3091.765137 0.000000 0.687262 0.000000 -0.726410 1.000000 1.000000 1.000000
2695.161621 0.000000 3105.657715 0.000000 0.784631 0.000000 0.619964 1.000000 1.000000 1.000000
2713.776123 0.000000 3056.168945 0.000000 0.900924 0.000000 -0.433977 1.000000 1.000000 1.000000
2728.498779 0.000000 3105.636719 0.000000 0.325434 0.000000 0.945565 1.000000 1.000000 1.000000
2741.374512 0.000000 3039.461670 0.000000 0.456104 0.000000 -0.889926 1.000000 1.000000 1.000000
2703.739502 0.000000 3085.551758 0.000000 0.698329 0.000000 0.715777 1.000000 1.000000 1.000000
2707.824707 0.000000 3061.063721 0.000000 0.663549 0.000000 -0.748133 1.000000 1.000000 1.000000
2723.468262 0.000000 3049.865479 0.000000 0.060827 0.000000 0.998148 1.000000 1.000000 1.000000
2703.762695 0.000000 3103.432861 0.000000 0.440116 0.000000 0.897941 1.000000 1.000000 1.000000
2691.442139 0.000000 3045.396973 0.000000 0.695692 0.000000 -0.718340 1.000000 1.000000 1.000000
2695.442383 0.000000 3082.410400 0.000000 0.831017 0.000000 0.556248 1.000000 1.000000 1.000000
2700.588379 0.000000 3087.863525 0.000000 0.902032 0.000000 0.431670 1.000000 1.000000 1.000000
2717.080811 0.000000 3092.318359 0.000000 0.987993 0.000000 0.154500 1.000000 1.000000 1.000000
2705.370361 0.000000 3106.756836 0.000000 0.609452 0.000000 -0.792823 1.000000 1.000000 1.000000
2707.140137 0.000000 3096.169922 0.000000 0.428943 0.000000 -0.903332 1.000000 1.000000 1.000000
2694.916260 0.000000 3119.249268 0.000000 0.647067 0.000000 -0.762433 1.000000 1.000000 1.000000
2705.206055 0.000000 3067.101807 0.000000 0.611646 0.000000 -0.791132 1.000000 1.000000 1.000000
2714.417725 0.000000 3092.707275 0.000000 0.840817 0.000000 -0.541320 1.000000 1.000000 1.000000
2722.613525 0.000000 3109.666748 0.000000 0.920890 0.000000 -0.389823 1.000000 1.000000 1.000000
2708.874268 0.000000 3058.516113 0.000000 0.391151 0.000000 0.920326 1.000000 1.000000 1.000000
2706.247070 0.000000 3103.246338 0.000000 0.018954 0.000000 -0.999820 1.000000 1.000000 1.000000
2719.930420 0.000000 3056.915771 0.000000 0.324120 0.000000 0.946016 1.000000 1.000000 1.000000
2717.815186 0.000000 3053.170654 0.000000 0.629624 0.000000 0.776900 1.000000 1.000000 1.000000
2742.252930 0.000000 3056.615723 0.000000 0.567926 0.000000 -0.823079 1.000000 1.000000 1.000000
2709.152100 0.000000 3054.339600 0.000000 0.998291 0.000000 -0.058436 1.000000 1.000000 1.000000
2693.305176 0.000000 3106.333496 0.000000 0.457646 0.000000 -0.889134 1.000000 1.000000 1.000000
2695.974609 0.000000 3091.422363 0.000000 0.999728 0.000000 -0.023341 1.000000 1.000000 1.000000
2694.586670 0.000000 3092.960938 0.000000 0.897548 0.000000 0.440916 1.000000 1.000000 1.000000
2710.646484 0.000000 3082.612793 0.000000 0.919041 0.000000 0.394162 1.000000 1.000000 1.000000
2716.419434 0.000000 3081.760498 0.000000 0.253012 0.000000 -0.967463 1.000000 1.000000 1.000000
2699.806885 0.000000 3080.800537 0.000000 0.584286 0.000000 0.811548 1.000000 1.000000 1.000000
2696.242676 0.000000 3080.660889 0.000000 0.747256 0.000000 -0.664537 1.000000 1.000000 1.000000
2702.684326 0.000000 3069.763916 0.000000 0.903800 0.000000 0.427954 1.000000 1.000000 1.000000
2694.139648 0.000000 3077.101318 0.000000 0.914348 0.000000 0.404928 1.000000 1.000000 1.000000
2691.646240 0.000000 3095.196045 0.000000 0.602034 0.000000 0.798470 1.000000 1.000000 1.000000
2690.897705 0.000000 3063.837646 0.000000 0.365367 0.000000 0.930864 1.000000 1.000000 1.000000
2708.314941 0.000000 3056.878906 0.000000 0.856278 0.000000 -0.516515 1.000000 1.000000 1.000000
2706.849609 0.000000 3054.182861 0.000000 0.928100 0.000000 -0.372332 1.000000 1.000000 1.000000
2712.083008 0.000000 3079.002686 0.000000 0.097251 0.000000 0.995260 1.000000 1.000000 1.000000
2694.234131 0.000000 3095.688721 0.000000 0.756856 0.000000 -0.653582 1.000000 1.000000 1.000000
2690.379150 0.000000 3116.889404 0.000000 0.913909 0.000000 -0.405920 1.000000 1.000000 1.000000
2693.736328 0.000000 3065.608398 0.000000 0.911413 0.000000 -0.411492 1.000000 1.000000 1.000000
2689.932617 0.000000 3066.439209 0.000000 0.921838 0.000000 0.387576 1.000000 1.000000 1.000000
2709.105713 0.000000 3089.680908 0.000000 0.408243 0.000000 0.912874 1.000000 1.000000 1.000000
2717.118164 0.000000 3080.405029 0.000000 0.603109 0.000000 0.797659 1.000000 1.000000 1.000000
2694.841064 0.000000 3117.757812 0.000000 0.267158 0.000000 -0.963653 1.000000 1.000000 1.000000
2704.274658 0.000000 3077.612305 0.000000 0.873182 0.000000 -0.487395 1.000000 1.000000 1.000000
2695.169189 0.000000 3097.208984 0.000000 0.976361 0.000000 -0.216148 1.000000 1.000000 1.000000
2690.768555 0.000000 3065.300781 0.000000 0.303262 0.000000 0.952907 1.000000 1.000000 1.000000
2694.299805 0.000000 3113.102539 0.000000 0.170962 0.000000 0.985278 1.000000 1.000000 1.000000
2707.215820 0.000000 3057.675537 0.000000 0.997625 0.000000 0.068886 1.000000 1.000000 1.000000
2711.599121 0.000000 3110.282227 0.000000 0.374802 0.000000 0.927105 1.000000 1.000000 1.000000
2693.992188 0.000000 3087.429443 0.000000 0.702593 0.000000 0.711592 1.000000 1.000000 1.000000
2695.160889 0.000000 3115.552979 0.000000 0.273976 0.000000 -0.961736 1.000000 1.000000 1.000000
2689.684326 0.000000 3095.378418 0.000000 0.709140 0.000000 -0.705068 1.000000 1.000000 1.000000
2705.778564 0.000000 3070.533936 0.000000 0.654291 0.000000 0.756243 1.000000 1.000000 1.000000
2695.337402 0.000000 3079.737305 0.000000 0.936484 0.000000 -0.350710 1.000000 1.000000 1.000000
2694.097412 0.000000 3079.078857 0.000000 0.999928 0.000000 0.012033 1.000000 1.000000 1.000000
2721.569092 0.000000 3045.796631 0.000000 0.184266 0.000000 0.982876 1.000000 1.000000 1.000000
2713.550781 0.000000 3093.693604 0.000000 0.994299 0.000000 0.106627 1.000000 1.000000 1.000000
2687.680664 0.000000 3092.528320 0.000000 0.595140 0.000000 0.803622 1.000000 1.000000 1.000000
2710.310791 0.000000 3090.071533 0.000000 0.988390 0.000000 0.151935 1.000000 1.000000 1.000000
2709.317139 0.000000 3115.628906 0.000000 0.434955 0.000000 0.900452 1.000000 1.000000 1.000000
2711.311035 0.000000 3114.844238 0.000000 0.971430 0.000000 -0.237327 1.000000 1.000000 1.000000
2688.624512 0.000000 3094.600342 0.000000 0.958678 0.000000 0.284494 1.000000 1.000000 1.000000
2693.293457 0.000000 3115.496094 0.000000 0.141377 0.000000 -0.989956 1.000000 1.000000 1.000000
2710.506348 0.000000 3115.925781 0.000000 0.521401 0.000000 -0.853312 1.000000 1.000000 1.000000
2691.082520 0.000000 3112.816650 0.000000 0.999945 0.000000 0.010525 1.000000 1.000000 1.000000
2696.293213 0.000000 3094.482910 0.000000 0.975793 0.000000 -0.218696 1.000000 1.000000 1.000000
2709.582275 0.000000 3113.794434 0.000000 0.707800 0.000000 0.706413 1.000000 1.000000 1.000000
2697.605225 0.000000 3058.269531 0.000000 0.644623 0.000000 -0.764500 1.000000 1.000000 1.000000
2697.094971 0.000000 3080.098877 0.000000 0.396625 0.000000 -0.917981 1.000000 1.000000 1.000000
2697.468994 0.000000 3095.935303 0.000000 0.435069 0.000000 0.900397 1.000000 1.000000 1.000000
2692.761963 0.000000 3117.821777 0.000000 0.817351 0.000000 -0.576140 1.000000 1.000000 1.000000
2705.680420 0.000000 3059.409180 0.000000 0.998369 0.000000 0.057086 1.000000 1.000000 1.000000
2728.676758 0.000000 3179.909180 0.000000 0.856279 0.000000 0.516514 1.000000 1.000000 1.000000
2732.726562 0.000000 3133.746582 0.000000 0.289078 0.000000 0.957306 1.000000 1.000000 1.000000
2734.968262 0.000000 3156.222656 0.000000 0.467587 0.000000 0.883947 1.000000 1.000000 1.000000
2731.926758 0.000000 3183.002197 0.000000 0.983895 0.000000 -0.178750 1.000000 1.000000 1.000000
2735.906250 0.000000 3136.409424 0.000000 0.372066 0.000000 0.928206 1.000000 1.000000 1.000000
2725.669678 0.000000 3121.450195 0.000000 0.318317 0.000000 0.947984 1.000000 1.000000 1.000000
2731.892334 0.000000 3136.457031 0.000000 0.505088 0.000000 -0.863068 1.000000 1.000000 1.000000
2729.304932 0.000000 3182.496582 0.000000 0.657917 0.000000 -0.753090 1.000000 1.000000 1.000000
2730.049561 0.000000 3134.021240 0.000000 0.220448 0.000000 -0.975399 1.000000 1.000000 1.000000
2731.076416 0.000000 3180.663574 0.000000 0.974654 0.000000 0.223718 1.000000 1.000000 1.000000
2737.818848 0.000000 3135.571533 0.000000 0.251844 0.000000 -0.967768 1.000000 1.000000 1.000000
2704.494873 0.000000 3154.984619 0.000000 0.148677 0.000000 -0.988886 1.000000 1.000000 1.000000
2695.578613 0.000000 3123.621094 0.000000 0.325851 0.000000 -0.945421 1.000000 1.000000 1.000000
2714.133057 0.000000 3127.590576 0.000000 0.849254 0.000000 0.527984 1.000000 1.000000 1.000000
2714.011963 0.000000 3124.817871 0.000000 0.148673 0.000000 -0.988886 1.000000 1.000000 1.000000
2727.637451 0.000000 3136.123535 0.000000 0.947728 0.000000 0.319080 1.000000 1.000000 1.000000
2693.526855 0.000000 3129.442139 0.000000 0.020069 0.000000 -0.999799 1.000000 1.000000 1.000000
2721.412598 0.000000 3132.739258 0.000000 0.906432 0.000000 0.422351 1.000000 1.000000 1.000000
2692.041992 0.000000 3120.731689 0.000000 0.281398 0.000000 -0.959591 1.000000 1.000000 1.000000
2702.615234 0.000000 3152.954102 0.000000 0.997754 0.000000 -0.066991 1.000000 1.000000 1.000000
2721.553955 0.000000 3179.139160 0.000000 0.231483 0.000000 0.972839 1.000000 1.000000 1.000000
2716.947510 0.000000 3182.152588 0.000000 0.871033 0.000000 -0.491224 1.000000 1.000000 1.000000
2691.699707 0.000000 3128.111816 0.000000 0.766915 0.000000 0.641748 1.000000 1.000000 1.000000
2690.566650 0.000000 3124.451416 0.000000 0.199836 0.000000 0.979829 1.000000 1.000000 1.000000
2716.249512 0.000000 3184.604248 0.000000 0.440661 0.000000 -0.897674 1.000000 1.000000 1.000000
2719.475098 0.000000 3178.119629 0.000000 0.192713 0.000000 0.981255 1.000000 1.000000 1.000000
2713.315430 0.000000 3128.570312 0.000000 0.498365 0.000000 0.866967 1.000000 1.000000 1.000000
2713.016602 0.000000 3127.345215 0.000000 0.167007 0.000000 0.985956 1.000000 1.000000 1.000000
2693.926270 0.000000 3127.160400 0.000000 0.829682 0.000000 -0.558236 1.000000 1.000000 1.000000
2719.751465 0.000000 3182.509766 0.000000 0.383168 0.000000 0.923679 1.000000 1.000000 1.000000
2692.805664 0.000000 3124.292480 0.000000 0.321549 0.000000 -0.946893 1.000000 1.000000 1.000000
2740.961914 0.000000 3203.702637 0.000000 0.932708 0.000000 0.360634 1.000000 1.000000 1.000000
"}
object={
	name="tree_cypress_01_generator_1_2"
	clamp_to_water_level=no
	render_under_water=no
	generated_content=yes
	layer="tree_high_layer"
	pdxmesh="tree_cypress_01_c_mesh"
	count=183
	transform="2601.804443 0.000000 3037.795654 0.000000 0.429746 0.000000 -0.902950 1.000000 1.000000 1.000000
2675.557861 0.000000 3034.140137 0.000000 0.994299 0.000000 -0.106625 1.000000 1.000000 1.000000
2667.932373 0.000000 3034.616455 0.000000 0.926393 0.000000 0.376557 1.000000 1.000000 1.000000
2663.153320 0.000000 3034.980713 0.000000 0.407207 0.000000 -0.913336 1.000000 1.000000 1.000000
2675.092773 0.000000 3037.070312 0.000000 0.381523 0.000000 -0.924359 1.000000 1.000000 1.000000
2680.692871 0.000000 3039.381104 0.000000 0.999981 0.000000 -0.006172 1.000000 1.000000 1.000000
2627.116943 0.000000 3018.908936 0.000000 0.764430 0.000000 0.644706 1.000000 1.000000 1.000000
2630.750977 0.000000 3022.909668 0.000000 0.872386 0.000000 -0.488818 1.000000 1.000000 1.000000
2660.770752 0.000000 3036.575928 0.000000 0.134110 0.000000 0.990966 1.000000 1.000000 1.000000
2630.338379 0.000000 3020.079590 0.000000 0.987777 0.000000 0.155871 1.000000 1.000000 1.000000
2628.817139 0.000000 3024.405518 0.000000 0.996873 0.000000 -0.079026 1.000000 1.000000 1.000000
2647.265137 0.000000 3038.572266 0.000000 0.973005 0.000000 -0.230783 1.000000 1.000000 1.000000
2665.018066 0.000000 3035.851807 0.000000 0.269547 0.000000 -0.962987 1.000000 1.000000 1.000000
2667.340576 0.000000 3036.466309 0.000000 0.851540 0.000000 -0.524289 1.000000 1.000000 1.000000
2650.476807 0.000000 3038.750732 0.000000 0.866585 0.000000 -0.499030 1.000000 1.000000 1.000000
2681.614258 0.000000 3037.758545 0.000000 0.043222 0.000000 -0.999065 1.000000 1.000000 1.000000
2659.996582 0.000000 3038.138672 0.000000 0.537219 0.000000 -0.843443 1.000000 1.000000 1.000000
2664.450684 0.000000 3037.259033 0.000000 0.856205 0.000000 -0.516637 1.000000 1.000000 1.000000
2673.439941 0.000000 3037.229736 0.000000 0.674328 0.000000 0.738432 1.000000 1.000000 1.000000
2670.531738 0.000000 3037.573730 0.000000 0.998471 0.000000 0.055271 1.000000 1.000000 1.000000
2663.565918 0.000000 3036.197754 0.000000 0.164388 0.000000 0.986396 1.000000 1.000000 1.000000
2657.735352 0.000000 3038.818604 0.000000 0.943006 0.000000 0.332775 1.000000 1.000000 1.000000
2708.637939 0.000000 3033.233398 0.000000 0.983876 0.000000 0.178850 1.000000 1.000000 1.000000
2713.002441 0.000000 3030.322266 0.000000 0.994128 0.000000 -0.108207 1.000000 1.000000 1.000000
2704.274658 0.000000 3031.839111 0.000000 0.262574 0.000000 -0.964912 1.000000 1.000000 1.000000
2604.996338 0.000000 3058.995605 0.000000 0.162800 0.000000 0.986659 1.000000 1.000000 1.000000
2573.163574 0.000000 3073.665771 0.000000 0.982775 0.000000 -0.184807 1.000000 1.000000 1.000000
2578.617676 0.000000 3080.854004 0.000000 0.991705 0.000000 -0.128538 1.000000 1.000000 1.000000
2576.550293 0.000000 3070.090088 0.000000 0.830270 0.000000 -0.557361 1.000000 1.000000 1.000000
2621.277344 0.000000 3050.831543 0.000000 0.217073 0.000000 -0.976155 1.000000 1.000000 1.000000
2619.621826 0.000000 3054.608398 0.000000 0.733565 0.000000 0.679619 1.000000 1.000000 1.000000
2575.189941 0.000000 3076.435059 0.000000 0.951871 0.000000 0.306498 1.000000 1.000000 1.000000
2580.374268 0.000000 3077.966797 0.000000 0.272660 0.000000 0.962110 1.000000 1.000000 1.000000
2566.722168 0.000000 3070.056152 0.000000 0.897032 0.000000 0.441966 1.000000 1.000000 1.000000
2619.019043 0.000000 3048.908203 0.000000 0.530895 0.000000 -0.847438 1.000000 1.000000 1.000000
2571.460938 0.000000 3072.030518 0.000000 0.239745 0.000000 -0.970836 1.000000 1.000000 1.000000
2605.482178 0.000000 3046.142822 0.000000 0.110803 0.000000 0.993842 1.000000 1.000000 1.000000
2571.145020 0.000000 3073.999512 0.000000 0.998614 0.000000 -0.052636 1.000000 1.000000 1.000000
2570.620361 0.000000 3070.371338 0.000000 0.126798 0.000000 0.991929 1.000000 1.000000 1.000000
2579.837402 0.000000 3076.284424 0.000000 0.367145 0.000000 0.930164 1.000000 1.000000 1.000000
2574.699951 0.000000 3069.763916 0.000000 0.897071 0.000000 0.441887 1.000000 1.000000 1.000000
2578.899170 0.000000 3079.073242 0.000000 0.965575 0.000000 0.260124 1.000000 1.000000 1.000000
2612.808350 0.000000 3041.022705 0.000000 0.724205 0.000000 -0.689585 1.000000 1.000000 1.000000
2603.469971 0.000000 3054.854980 0.000000 0.832059 0.000000 0.554687 1.000000 1.000000 1.000000
2579.028076 0.000000 3071.017090 0.000000 0.752195 0.000000 0.658941 1.000000 1.000000 1.000000
2623.044922 0.000000 3060.981689 0.000000 0.816222 0.000000 -0.577739 1.000000 1.000000 1.000000
2609.041260 0.000000 3061.306885 0.000000 0.340694 0.000000 -0.940174 1.000000 1.000000 1.000000
2620.655273 0.000000 3059.968750 0.000000 0.416646 0.000000 0.909069 1.000000 1.000000 1.000000
2665.025146 0.000000 3041.059814 0.000000 0.780249 0.000000 0.625470 1.000000 1.000000 1.000000
2630.551758 0.000000 3048.231201 0.000000 0.951452 0.000000 0.307798 1.000000 1.000000 1.000000
2637.186523 0.000000 3084.991699 0.000000 0.965872 0.000000 -0.259019 1.000000 1.000000 1.000000
2662.427979 0.000000 3073.008301 0.000000 0.685011 0.000000 0.728533 1.000000 1.000000 1.000000
2684.564453 0.000000 3093.338623 0.000000 0.999981 0.000000 -0.006128 1.000000 1.000000 1.000000
2663.454834 0.000000 3050.223633 0.000000 0.598860 0.000000 0.800854 1.000000 1.000000 1.000000
2652.427246 0.000000 3081.760498 0.000000 0.917341 0.000000 0.398103 1.000000 1.000000 1.000000
2635.631836 0.000000 3044.293457 0.000000 0.854197 0.000000 0.519950 1.000000 1.000000 1.000000
2665.959473 0.000000 3045.005615 0.000000 0.886267 0.000000 -0.463175 1.000000 1.000000 1.000000
2662.413574 0.000000 3044.085205 0.000000 0.154336 0.000000 0.988018 1.000000 1.000000 1.000000
2665.095947 0.000000 3042.795166 0.000000 0.952289 0.000000 0.305197 1.000000 1.000000 1.000000
2637.513916 0.000000 3041.162109 0.000000 0.030168 0.000000 -0.999545 1.000000 1.000000 1.000000
2625.792725 0.000000 3060.593750 0.000000 0.995487 0.000000 0.094895 1.000000 1.000000 1.000000
2649.836426 0.000000 3041.863770 0.000000 0.993023 0.000000 0.117923 1.000000 1.000000 1.000000
2671.548096 0.000000 3039.412354 0.000000 0.937030 0.000000 0.349250 1.000000 1.000000 1.000000
2650.019775 0.000000 3044.833496 0.000000 0.970591 0.000000 -0.240733 1.000000 1.000000 1.000000
2658.782959 0.000000 3044.175781 0.000000 0.873846 0.000000 -0.486203 1.000000 1.000000 1.000000
2655.831299 0.000000 3072.616699 0.000000 0.020427 0.000000 0.999791 1.000000 1.000000 1.000000
2646.033447 0.000000 3044.336426 0.000000 0.523492 0.000000 -0.852030 1.000000 1.000000 1.000000
2669.273682 0.000000 3070.724365 0.000000 0.564052 0.000000 -0.825739 1.000000 1.000000 1.000000
2665.155518 0.000000 3068.403809 0.000000 0.307300 0.000000 -0.951613 1.000000 1.000000 1.000000
2632.895508 0.000000 3044.502930 0.000000 0.382923 0.000000 -0.923780 1.000000 1.000000 1.000000
2656.539307 0.000000 3039.526611 0.000000 0.920085 0.000000 -0.391718 1.000000 1.000000 1.000000
2664.634277 0.000000 3070.091064 0.000000 0.980531 0.000000 -0.196362 1.000000 1.000000 1.000000
2655.234131 0.000000 3078.229980 0.000000 0.998368 0.000000 -0.057110 1.000000 1.000000 1.000000
2648.649414 0.000000 3044.923584 0.000000 0.502413 0.000000 0.864628 1.000000 1.000000 1.000000
2633.840332 0.000000 3085.704590 0.000000 0.893787 0.000000 0.448491 1.000000 1.000000 1.000000
2666.793945 0.000000 3050.367432 0.000000 0.074326 0.000000 0.997234 1.000000 1.000000 1.000000
2640.437012 0.000000 3040.498535 0.000000 0.602354 0.000000 0.798229 1.000000 1.000000 1.000000
2639.843750 0.000000 3048.840332 0.000000 0.353353 0.000000 0.935490 1.000000 1.000000 1.000000
2652.492920 0.000000 3040.824951 0.000000 0.587839 0.000000 -0.808978 1.000000 1.000000 1.000000
2666.356201 0.000000 3068.128174 0.000000 0.646679 0.000000 -0.762763 1.000000 1.000000 1.000000
2643.265869 0.000000 3043.460205 0.000000 0.891808 0.000000 0.452414 1.000000 1.000000 1.000000
2676.149414 0.000000 3039.465576 0.000000 0.919102 0.000000 0.394019 1.000000 1.000000 1.000000
2656.104492 0.000000 3043.970459 0.000000 0.985945 0.000000 0.167073 1.000000 1.000000 1.000000
2653.054199 0.000000 3042.130127 0.000000 0.507075 0.000000 -0.861902 1.000000 1.000000 1.000000
2654.333496 0.000000 3074.205078 0.000000 0.524772 0.000000 -0.851243 1.000000 1.000000 1.000000
2656.210449 0.000000 3082.717285 0.000000 0.752109 0.000000 0.659039 1.000000 1.000000 1.000000
2661.732178 0.000000 3045.163330 0.000000 0.159660 0.000000 -0.987172 1.000000 1.000000 1.000000
2657.153076 0.000000 3081.744629 0.000000 0.829551 0.000000 -0.558431 1.000000 1.000000 1.000000
2656.309082 0.000000 3078.268555 0.000000 0.235468 0.000000 -0.971882 1.000000 1.000000 1.000000
2646.999268 0.000000 3041.939941 0.000000 0.992287 0.000000 0.123965 1.000000 1.000000 1.000000
2664.130371 0.000000 3043.391846 0.000000 0.889822 0.000000 0.456307 1.000000 1.000000 1.000000
2644.286865 0.000000 3047.685059 0.000000 0.715022 0.000000 -0.699102 1.000000 1.000000 1.000000
2659.913818 0.000000 3080.106201 0.000000 0.143854 0.000000 -0.989599 1.000000 1.000000 1.000000
2657.626465 0.000000 3074.404297 0.000000 0.576297 0.000000 0.817241 1.000000 1.000000 1.000000
2656.637451 0.000000 3074.809814 0.000000 0.284175 0.000000 0.958773 1.000000 1.000000 1.000000
2665.542725 0.000000 3070.504150 0.000000 0.577655 0.000000 0.816281 1.000000 1.000000 1.000000
2647.258789 0.000000 3042.993408 0.000000 0.968424 0.000000 -0.249309 1.000000 1.000000 1.000000
2667.312500 0.000000 3045.300293 0.000000 0.015488 0.000000 -0.999880 1.000000 1.000000 1.000000
2702.109375 0.000000 3098.892334 0.000000 0.316026 0.000000 0.948750 1.000000 1.000000 1.000000
2707.112061 0.000000 3089.934570 0.000000 0.081488 0.000000 0.996674 1.000000 1.000000 1.000000
2701.147949 0.000000 3073.665771 0.000000 0.907572 0.000000 -0.419897 1.000000 1.000000 1.000000
2701.855713 0.000000 3107.900391 0.000000 0.885655 0.000000 -0.464343 1.000000 1.000000 1.000000
2696.517578 0.000000 3109.760742 0.000000 0.160095 0.000000 0.987102 1.000000 1.000000 1.000000
2744.036621 0.000000 3054.980469 0.000000 0.996995 0.000000 0.077462 1.000000 1.000000 1.000000
2700.427734 0.000000 3061.550537 0.000000 0.998848 0.000000 0.047988 1.000000 1.000000 1.000000
2731.709229 0.000000 3106.505859 0.000000 0.209889 0.000000 -0.977725 1.000000 1.000000 1.000000
2707.100098 0.000000 3093.180420 0.000000 0.947775 0.000000 0.318940 1.000000 1.000000 1.000000
2713.006348 0.000000 3051.296631 0.000000 0.376074 0.000000 -0.926589 1.000000 1.000000 1.000000
2714.705078 0.000000 3108.221680 0.000000 0.899057 0.000000 0.437832 1.000000 1.000000 1.000000
2704.738037 0.000000 3109.208740 0.000000 0.441635 0.000000 -0.897195 1.000000 1.000000 1.000000
2701.178711 0.000000 3084.991699 0.000000 0.157003 0.000000 0.987598 1.000000 1.000000 1.000000
2716.138672 0.000000 3094.486816 0.000000 0.788258 0.000000 -0.615345 1.000000 1.000000 1.000000
2710.639160 0.000000 3078.180908 0.000000 0.001201 0.000000 0.999999 1.000000 1.000000 1.000000
2688.426514 0.000000 3067.016357 0.000000 0.909999 0.000000 -0.414611 1.000000 1.000000 1.000000
2745.550293 0.000000 3059.925293 0.000000 0.277000 0.000000 0.960870 1.000000 1.000000 1.000000
2707.926025 0.000000 3115.500977 0.000000 0.248674 0.000000 0.968587 1.000000 1.000000 1.000000
2713.654053 0.000000 3084.797119 0.000000 0.997431 0.000000 -0.071633 1.000000 1.000000 1.000000
2705.124756 0.000000 3054.700195 0.000000 0.951451 0.000000 0.307799 1.000000 1.000000 1.000000
2705.497314 0.000000 3060.564453 0.000000 0.872486 0.000000 0.488639 1.000000 1.000000 1.000000
2707.962891 0.000000 3098.022461 0.000000 0.134148 0.000000 0.990961 1.000000 1.000000 1.000000
2692.280029 0.000000 3092.677246 0.000000 0.530050 0.000000 0.847966 1.000000 1.000000 1.000000
2692.256104 0.000000 3090.015625 0.000000 0.457303 0.000000 -0.889311 1.000000 1.000000 1.000000
2698.319336 0.000000 3110.958008 0.000000 0.472954 0.000000 0.881087 1.000000 1.000000 1.000000
2697.659668 0.000000 3099.152344 0.000000 0.973459 0.000000 0.228862 1.000000 1.000000 1.000000
2697.328369 0.000000 3094.863037 0.000000 0.940962 0.000000 -0.338511 1.000000 1.000000 1.000000
2691.520752 0.000000 3082.070801 0.000000 0.752155 0.000000 0.658986 1.000000 1.000000 1.000000
2716.292236 0.000000 3109.210449 0.000000 0.944843 0.000000 -0.327523 1.000000 1.000000 1.000000
2699.712158 0.000000 3057.376709 0.000000 0.346020 0.000000 -0.938227 1.000000 1.000000 1.000000
2696.387939 0.000000 3083.626953 0.000000 0.987559 0.000000 0.157251 1.000000 1.000000 1.000000
2698.275879 0.000000 3097.637451 0.000000 0.642130 0.000000 -0.766596 1.000000 1.000000 1.000000
2695.676758 0.000000 3112.808594 0.000000 0.615919 0.000000 -0.787809 1.000000 1.000000 1.000000
2696.773438 0.000000 3057.567871 0.000000 0.798131 0.000000 0.602484 1.000000 1.000000 1.000000
2743.399170 0.000000 3057.518066 0.000000 0.388344 0.000000 -0.921515 1.000000 1.000000 1.000000
2690.102295 0.000000 3087.383057 0.000000 0.744356 0.000000 0.667783 1.000000 1.000000 1.000000
2714.445557 0.000000 3051.250977 0.000000 0.940885 0.000000 -0.338725 1.000000 1.000000 1.000000
2698.877197 0.000000 3079.297607 0.000000 0.141174 0.000000 0.989985 1.000000 1.000000 1.000000
2714.319580 0.000000 3080.462891 0.000000 0.679504 0.000000 -0.733672 1.000000 1.000000 1.000000
2711.529053 0.000000 3111.961426 0.000000 0.790948 0.000000 -0.611883 1.000000 1.000000 1.000000
2699.570068 0.000000 3097.127930 0.000000 0.983900 0.000000 0.178720 1.000000 1.000000 1.000000
2692.713867 0.000000 3087.864502 0.000000 0.746116 0.000000 -0.665816 1.000000 1.000000 1.000000
2693.309570 0.000000 3109.062012 0.000000 0.994427 0.000000 -0.105429 1.000000 1.000000 1.000000
2689.063965 0.000000 3093.516357 0.000000 0.217602 0.000000 0.976038 1.000000 1.000000 1.000000
2699.247803 0.000000 3087.791260 0.000000 0.715088 0.000000 -0.699034 1.000000 1.000000 1.000000
2692.947510 0.000000 3083.732910 0.000000 0.212762 0.000000 -0.977104 1.000000 1.000000 1.000000
2693.500000 0.000000 3092.292969 0.000000 0.819548 0.000000 -0.573011 1.000000 1.000000 1.000000
2697.492188 0.000000 3084.267334 0.000000 0.540808 0.000000 -0.841146 1.000000 1.000000 1.000000
2697.243652 0.000000 3081.438965 0.000000 0.704030 0.000000 0.710170 1.000000 1.000000 1.000000
2711.351807 0.000000 3089.479248 0.000000 0.930071 0.000000 -0.367379 1.000000 1.000000 1.000000
2715.423828 0.000000 3081.176514 0.000000 0.952354 0.000000 0.304996 1.000000 1.000000 1.000000
2711.333496 0.000000 3088.045898 0.000000 0.843940 0.000000 -0.536437 1.000000 1.000000 1.000000
2693.734131 0.000000 3117.518555 0.000000 0.719428 0.000000 0.694567 1.000000 1.000000 1.000000
2695.706299 0.000000 3092.626221 0.000000 0.725257 0.000000 -0.688478 1.000000 1.000000 1.000000
2704.961182 0.000000 3072.728027 0.000000 0.902204 0.000000 0.431310 1.000000 1.000000 1.000000
2733.572510 0.000000 3160.551025 0.000000 0.708944 0.000000 -0.705264 1.000000 1.000000 1.000000
2718.739258 0.000000 3127.070557 0.000000 0.951932 0.000000 0.306310 1.000000 1.000000 1.000000
2728.498779 0.000000 3185.621094 0.000000 0.907082 0.000000 -0.420955 1.000000 1.000000 1.000000
2737.194336 0.000000 3159.510986 0.000000 0.585914 0.000000 0.810373 1.000000 1.000000 1.000000
2722.322021 0.000000 3137.762695 0.000000 0.136893 0.000000 0.990586 1.000000 1.000000 1.000000
2731.709229 0.000000 3186.490234 0.000000 0.571517 0.000000 0.820590 1.000000 1.000000 1.000000
2701.102051 0.000000 3150.554932 0.000000 0.437538 0.000000 -0.899200 1.000000 1.000000 1.000000
2729.941406 0.000000 3139.272217 0.000000 0.894456 0.000000 0.447157 1.000000 1.000000 1.000000
2726.355469 0.000000 3136.980469 0.000000 0.878815 0.000000 -0.477164 1.000000 1.000000 1.000000
2738.169922 0.000000 3137.796875 0.000000 0.342137 0.000000 -0.939650 1.000000 1.000000 1.000000
2713.418701 0.000000 3185.370605 0.000000 0.693392 0.000000 -0.720561 1.000000 1.000000 1.000000
2692.730469 0.000000 3127.093506 0.000000 0.282672 0.000000 0.959217 1.000000 1.000000 1.000000
2715.363770 0.000000 3124.019531 0.000000 0.272455 0.000000 -0.962169 1.000000 1.000000 1.000000
2688.034668 0.000000 3130.144287 0.000000 0.216069 0.000000 0.976378 1.000000 1.000000 1.000000
2705.665039 0.000000 3153.533447 0.000000 0.780260 0.000000 0.625456 1.000000 1.000000 1.000000
2715.409424 0.000000 3181.990234 0.000000 0.018521 0.000000 -0.999828 1.000000 1.000000 1.000000
2731.454346 0.000000 3134.839355 0.000000 0.491069 0.000000 0.871121 1.000000 1.000000 1.000000
2715.082764 0.000000 3184.246582 0.000000 0.994459 0.000000 0.105129 1.000000 1.000000 1.000000
2689.058594 0.000000 3127.367432 0.000000 0.831855 0.000000 -0.554993 1.000000 1.000000 1.000000
2692.819336 0.000000 3125.376709 0.000000 0.004263 0.000000 0.999991 1.000000 1.000000 1.000000
2689.269287 0.000000 3128.752441 0.000000 0.714186 0.000000 -0.699956 1.000000 1.000000 1.000000
2717.649414 0.000000 3183.722900 0.000000 0.603289 0.000000 -0.797522 1.000000 1.000000 1.000000
2716.441650 0.000000 3181.028320 0.000000 0.520134 0.000000 0.854085 1.000000 1.000000 1.000000
2700.011963 0.000000 3153.125977 0.000000 0.546974 0.000000 -0.837149 1.000000 1.000000 1.000000
2719.250244 0.000000 3183.374023 0.000000 0.965578 0.000000 0.260115 1.000000 1.000000 1.000000
2745.546387 0.000000 3211.208252 0.000000 0.395242 0.000000 0.918577 1.000000 1.000000 1.000000
2740.900879 0.000000 3205.136719 0.000000 0.442701 0.000000 -0.896669 1.000000 1.000000 1.000000
2737.165527 0.000000 3199.387207 0.000000 0.763363 0.000000 -0.645970 1.000000 1.000000 1.000000
2742.733643 0.000000 3200.784180 0.000000 0.528807 0.000000 0.848742 1.000000 1.000000 1.000000
2741.645996 0.000000 3200.431641 0.000000 0.475572 0.000000 0.879677 1.000000 1.000000 1.000000
"}
