object={
	name="tree_palm_generator_1_0"
	clamp_to_water_level=no
	render_under_water=no
	generated_content=yes
	layer="tree_high_layer"
	pdxmesh="tree_palm_01_a_mesh"
	count=68
	transform="2416.439697 0.000000 2250.784424 0.000000 0.838532 0.000000 0.544852 0.689527 0.689527 0.689527
2417.859131 0.000000 2253.747314 0.000000 0.409085 0.000000 -0.912496 0.759454 0.759454 0.759454
2415.263672 0.000000 2253.245361 0.000000 0.892479 0.000000 -0.451089 0.717011 0.717011 0.717011
2469.385254 0.000000 2310.684082 0.000000 0.456777 0.000000 0.889581 0.695401 0.695401 0.695401
2472.708008 0.000000 2300.081055 0.000000 0.312202 0.000000 0.950016 0.677222 0.677222 0.677222
2479.022949 0.000000 2306.535645 0.000000 0.553266 0.000000 -0.833004 0.728905 0.728905 0.728905
2482.681396 0.000000 2288.858398 0.000000 0.035197 0.000000 -0.999380 0.730056 0.730056 0.730056
2486.905762 0.000000 2292.945557 0.000000 0.999937 0.000000 0.011215 0.699796 0.699796 0.699796
2472.530029 0.000000 2305.792969 0.000000 0.997029 0.000000 -0.077027 0.701832 0.701832 0.701832
2466.497803 0.000000 2315.289551 0.000000 0.799692 0.000000 -0.600410 0.712605 0.712605 0.712605
2478.703369 0.000000 2290.908203 0.000000 0.711555 0.000000 -0.702631 0.714160 0.714160 0.714160
2470.043213 0.000000 2302.758789 0.000000 0.941533 0.000000 -0.336921 0.708167 0.708167 0.708167
2472.677490 0.000000 2311.820068 0.000000 0.936300 0.000000 0.351200 0.690468 0.690468 0.690468
2471.648926 0.000000 2308.758545 0.000000 0.096069 0.000000 0.995375 0.658769 0.658769 0.658769
2480.783936 0.000000 2302.350342 0.000000 0.893769 0.000000 0.448527 0.672689 0.672689 0.672689
2510.767822 0.000000 2264.478516 0.000000 0.504593 0.000000 -0.863357 0.707283 0.707283 0.707283
2503.420166 0.000000 2278.542725 0.000000 0.497025 0.000000 0.867736 0.667685 0.667685 0.667685
2521.799561 0.000000 2256.325195 0.000000 0.589498 0.000000 -0.807770 0.710518 0.710518 0.710518
2501.272461 0.000000 2272.965332 0.000000 0.773862 0.000000 0.633354 0.688493 0.688493 0.688493
2505.794678 0.000000 2264.188721 0.000000 0.311407 0.000000 0.950277 0.666686 0.666686 0.666686
2558.037842 0.000000 2311.793457 0.000000 0.300685 0.000000 -0.953724 0.719460 0.719460 0.719460
2499.913086 0.000000 2276.604492 0.000000 0.499356 0.000000 -0.866397 0.717581 0.717581 0.717581
2519.303223 0.000000 2259.407471 0.000000 0.990716 0.000000 0.135950 0.695615 0.695615 0.695615
2510.321533 0.000000 2267.931885 0.000000 0.803953 0.000000 0.594693 0.679521 0.679521 0.679521
2513.930908 0.000000 2264.000977 0.000000 0.111331 0.000000 0.993783 0.651037 0.651037 0.651037
2518.160889 0.000000 2256.442627 0.000000 0.675862 0.000000 0.737028 0.680305 0.680305 0.680305
2517.628174 0.000000 2263.581055 0.000000 0.998080 0.000000 -0.061943 0.701733 0.701733 0.701733
2536.700195 0.000000 2380.065430 0.000000 0.934580 0.000000 0.355752 0.696440 0.696440 0.696440
2515.135498 0.000000 2370.075195 0.000000 0.985685 0.000000 0.168599 0.697158 0.697158 0.697158
2525.534912 0.000000 2394.463623 0.000000 0.457532 0.000000 -0.889193 0.721444 0.721444 0.721444
2546.673584 0.000000 2368.842773 0.000000 0.009763 0.000000 -0.999952 0.741466 0.741466 0.741466
2518.275146 0.000000 2377.758789 0.000000 0.773183 0.000000 0.634183 0.695198 0.695198 0.695198
2532.937500 0.000000 2399.523438 0.000000 0.426811 0.000000 -0.904341 0.731592 0.731592 0.731592
2542.207031 0.000000 2375.435791 0.000000 0.988885 0.000000 -0.148685 0.703338 0.703338 0.703338
2551.870117 0.000000 2366.750000 0.000000 0.120064 0.000000 -0.992766 0.773001 0.773001 0.773001
2521.025879 0.000000 2390.447266 0.000000 0.146306 0.000000 0.989239 0.686064 0.686064 0.686064
2512.288818 0.000000 2374.392090 0.000000 0.625563 0.000000 0.780174 0.674976 0.674976 0.674976
2512.558105 0.000000 2350.230713 0.000000 0.664094 0.000000 -0.747649 0.710626 0.710626 0.710626
2539.539551 0.000000 2389.881104 0.000000 0.999774 0.000000 -0.021264 0.700505 0.700505 0.700505
2535.168945 0.000000 2395.105713 0.000000 0.084010 0.000000 0.996465 0.666744 0.666744 0.666744
2546.486816 0.000000 2373.641357 0.000000 0.731188 0.000000 -0.682176 0.708397 0.708397 0.708397
2518.273193 0.000000 2373.234131 0.000000 0.945522 0.000000 -0.325557 0.704172 0.704172 0.704172
2539.950195 0.000000 2383.158447 0.000000 0.958308 0.000000 -0.285739 0.713774 0.713774 0.713774
2524.547852 0.000000 2344.052246 0.000000 0.929800 0.000000 -0.368065 0.706324 0.706324 0.706324
2527.102295 0.000000 2397.765625 0.000000 0.224326 0.000000 0.974514 0.666164 0.666164 0.666164
2550.001953 0.000000 2369.640869 0.000000 0.742023 0.000000 0.670375 0.682538 0.682538 0.682538
2539.732666 0.000000 2386.646484 0.000000 0.749422 0.000000 0.662092 0.680779 0.680779 0.680779
2548.716064 0.000000 2366.069092 0.000000 0.999829 0.000000 -0.018484 0.700439 0.700439 0.700439
2515.123535 0.000000 2373.321045 0.000000 0.548808 0.000000 0.835948 0.669554 0.669554 0.669554
2522.019775 0.000000 2345.522217 0.000000 0.760325 0.000000 -0.649542 0.738548 0.738548 0.738548
2522.955322 0.000000 2393.119629 0.000000 0.235064 0.000000 0.971980 0.642205 0.642205 0.642205
2532.786377 0.000000 2396.700928 0.000000 0.924805 0.000000 0.380441 0.686905 0.686905 0.686905
2537.328369 0.000000 2382.652832 0.000000 0.999520 0.000000 0.030994 0.698656 0.698656 0.698656
2516.859131 0.000000 2374.915771 0.000000 0.880286 0.000000 -0.474444 0.726262 0.726262 0.726262
2521.410645 0.000000 2347.935059 0.000000 0.211349 0.000000 -0.977411 0.777832 0.777832 0.777832
2524.372314 0.000000 2399.612549 0.000000 0.965545 0.000000 0.260235 0.692271 0.692271 0.692271
2529.272949 0.000000 2401.075439 0.000000 0.877285 0.000000 -0.479969 0.709799 0.709799 0.709799
2569.218750 0.000000 2301.102051 0.000000 0.493804 0.000000 0.869573 0.670519 0.670519 0.670519
2559.880859 0.000000 2309.069580 0.000000 0.825177 0.000000 -0.564874 0.710071 0.710071 0.710071
2571.490479 0.000000 2304.612549 0.000000 0.029878 0.000000 -0.999554 0.732314 0.732314 0.732314
2569.190674 0.000000 2303.661865 0.000000 0.952516 0.000000 -0.304490 0.712112 0.712112 0.712112
2587.500000 0.000000 2363.663086 0.000000 0.366658 0.000000 0.930356 0.691644 0.691644 0.691644
2560.225342 0.000000 2358.523682 0.000000 0.378483 0.000000 -0.925608 0.713227 0.713227 0.713227
2585.853516 0.000000 2370.267822 0.000000 0.775880 0.000000 -0.630880 0.706681 0.706681 0.706681
2591.184570 0.000000 2379.460693 0.000000 0.730189 0.000000 -0.683246 0.717878 0.717878 0.717878
2560.756836 0.000000 2354.971191 0.000000 0.995712 0.000000 0.092511 0.697280 0.697280 0.697280
2586.433350 0.000000 2372.847900 0.000000 0.457981 0.000000 0.888962 0.637230 0.637230 0.637230
2588.984131 0.000000 2365.226807 0.000000 0.501928 0.000000 -0.864909 0.752594 0.752594 0.752594
"}
