object={
	name="tree_coral_generator_1_0"
	clamp_to_water_level=no
	render_under_water=no
	generated_content=yes
	layer="tree_high_layer"
	pdxmesh="tree_coral_01_a_mesh"
	count=40
	transform="90.096527 0.000000 1856.403320 0.000000 0.824043 0.000000 -0.566527 1.000000 1.000000 1.000000
95.059677 0.000000 1847.320435 0.000000 0.769494 0.000000 0.638654 1.000000 1.000000 1.000000
92.118546 0.000000 1851.954346 0.000000 0.677985 0.000000 0.735075 1.000000 1.000000 1.000000
86.959381 0.000000 1878.415283 0.000000 0.542314 0.000000 -0.840176 1.000000 1.000000 1.000000
86.535156 0.000000 1861.474487 0.000000 0.889358 0.000000 -0.457212 1.000000 1.000000 1.000000
87.612732 0.000000 1873.490234 0.000000 0.024139 0.000000 0.999709 1.000000 1.000000 1.000000
94.883118 0.000000 1871.283936 0.000000 0.088978 0.000000 0.996034 1.000000 1.000000 1.000000
87.335999 0.000000 1862.779541 0.000000 0.503689 0.000000 0.863885 1.000000 1.000000 1.000000
85.225998 0.000000 1862.306519 0.000000 0.957039 0.000000 0.289958 1.000000 1.000000 1.000000
140.569122 0.000000 1838.859497 0.000000 0.986408 0.000000 -0.164313 1.000000 1.000000 1.000000
485.810181 0.000000 1716.370361 0.000000 0.237580 0.000000 -0.971368 1.000000 1.000000 1.000000
490.610229 0.000000 1729.326416 0.000000 0.447341 0.000000 0.894363 1.000000 1.000000 1.000000
472.762268 0.000000 1703.229370 0.000000 0.993127 0.000000 0.117044 1.000000 1.000000 1.000000
480.100800 0.000000 1730.175903 0.000000 0.328661 0.000000 0.944448 1.000000 1.000000 1.000000
498.845734 0.000000 1723.486572 0.000000 0.612190 0.000000 0.790711 1.000000 1.000000 1.000000
468.098083 0.000000 1701.329468 0.000000 0.156277 0.000000 -0.987713 1.000000 1.000000 1.000000
497.467834 0.000000 1719.792358 0.000000 0.027492 0.000000 -0.999622 1.000000 1.000000 1.000000
485.940826 0.000000 1707.722656 0.000000 0.388998 0.000000 0.921239 1.000000 1.000000 1.000000
500.966095 0.000000 1726.194214 0.000000 0.771912 0.000000 0.635729 1.000000 1.000000 1.000000
488.448669 0.000000 1714.620117 0.000000 0.999361 0.000000 0.035733 1.000000 1.000000 1.000000
469.878113 0.000000 1703.690308 0.000000 0.156743 0.000000 -0.987639 1.000000 1.000000 1.000000
491.315613 0.000000 1726.528320 0.000000 0.911101 0.000000 -0.412184 1.000000 1.000000 1.000000
470.488281 0.000000 1701.505737 0.000000 0.560257 0.000000 0.828319 1.000000 1.000000 1.000000
473.927460 0.000000 1725.062866 0.000000 0.447962 0.000000 0.894053 1.000000 1.000000 1.000000
490.499207 0.000000 1715.706177 0.000000 0.739395 0.000000 -0.673272 1.000000 1.000000 1.000000
486.693512 0.000000 1713.273926 0.000000 0.223304 0.000000 -0.974749 1.000000 1.000000 1.000000
465.865967 0.000000 1712.129761 0.000000 0.021798 0.000000 -0.999762 1.000000 1.000000 1.000000
470.919830 0.000000 1722.878540 0.000000 0.507356 0.000000 0.861737 1.000000 1.000000 1.000000
470.156616 0.000000 1706.190918 0.000000 0.909352 0.000000 -0.416028 1.000000 1.000000 1.000000
469.725739 0.000000 1713.296997 0.000000 0.727273 0.000000 0.686348 1.000000 1.000000 1.000000
465.938354 0.000000 1713.814819 0.000000 0.821855 0.000000 -0.569697 1.000000 1.000000 1.000000
492.414886 0.000000 1719.982300 0.000000 0.156456 0.000000 -0.987685 1.000000 1.000000 1.000000
467.285889 0.000000 1711.282715 0.000000 0.218180 0.000000 -0.975909 1.000000 1.000000 1.000000
485.223206 0.000000 1717.902344 0.000000 0.426247 0.000000 -0.904607 1.000000 1.000000 1.000000
489.062317 0.000000 1718.176636 0.000000 0.089479 0.000000 -0.995989 1.000000 1.000000 1.000000
469.498749 0.000000 1705.012817 0.000000 0.365010 0.000000 -0.931004 1.000000 1.000000 1.000000
470.923340 0.000000 1710.177979 0.000000 0.464037 0.000000 0.885816 1.000000 1.000000 1.000000
472.443787 0.000000 1708.178711 0.000000 0.989792 0.000000 -0.142523 1.000000 1.000000 1.000000
473.909790 0.000000 1711.596436 0.000000 0.595327 0.000000 -0.803483 1.000000 1.000000 1.000000
469.738861 0.000000 1712.121948 0.000000 0.000005 0.000000 1.000000 1.000000 1.000000 1.000000
"}
object={
	name="tree_coral_generator_1_1"
	clamp_to_water_level=no
	render_under_water=no
	generated_content=yes
	layer="tree_high_layer"
	pdxmesh="tree_coral_01_b_mesh"
	count=63
	transform="83.222557 0.000000 1856.101929 0.000000 0.984708 0.000000 -0.174215 1.000000 1.000000 1.000000
86.457741 0.000000 1856.520752 0.000000 0.841043 0.000000 -0.540969 1.000000 1.000000 1.000000
85.925003 0.000000 1863.659058 0.000000 0.028577 0.000000 -0.999592 1.000000 1.000000 1.000000
82.607094 0.000000 1858.893433 0.000000 0.627137 0.000000 -0.778909 1.000000 1.000000 1.000000
91.810776 0.000000 1854.480835 0.000000 0.843171 0.000000 -0.537645 1.000000 1.000000 1.000000
89.218735 0.000000 1853.914551 0.000000 0.960885 0.000000 0.276947 1.000000 1.000000 1.000000
85.472443 0.000000 1854.573975 0.000000 0.970879 0.000000 0.239570 1.000000 1.000000 1.000000
88.287292 0.000000 1857.605957 0.000000 0.456876 0.000000 0.889530 1.000000 1.000000 1.000000
84.142105 0.000000 1876.518799 0.000000 0.716990 0.000000 0.697084 1.000000 1.000000 1.000000
135.661209 0.000000 1834.481934 0.000000 0.954451 0.000000 -0.298368 1.000000 1.000000 1.000000
148.754410 0.000000 1824.877686 0.000000 0.349982 0.000000 -0.936757 1.000000 1.000000 1.000000
144.587143 0.000000 1832.073486 0.000000 0.815660 0.000000 0.578532 1.000000 1.000000 1.000000
147.132904 0.000000 1831.405518 0.000000 0.855240 0.000000 0.518233 1.000000 1.000000 1.000000
144.430954 0.000000 1835.963013 0.000000 0.995410 0.000000 -0.095707 1.000000 1.000000 1.000000
146.116684 0.000000 1832.640869 0.000000 0.772684 0.000000 0.634791 1.000000 1.000000 1.000000
137.330276 0.000000 1834.355591 0.000000 0.984779 0.000000 -0.173813 1.000000 1.000000 1.000000
141.957657 0.000000 1839.682739 0.000000 0.672244 0.000000 -0.740329 1.000000 1.000000 1.000000
466.875458 0.000000 1721.119629 0.000000 0.352670 0.000000 0.935748 1.000000 1.000000 1.000000
474.111359 0.000000 1730.392944 0.000000 0.019774 0.000000 0.999804 1.000000 1.000000 1.000000
484.015747 0.000000 1710.506348 0.000000 0.514425 0.000000 0.857536 1.000000 1.000000 1.000000
488.057251 0.000000 1721.572876 0.000000 0.816618 0.000000 -0.577179 1.000000 1.000000 1.000000
470.486145 0.000000 1725.212158 0.000000 0.723243 0.000000 0.690594 1.000000 1.000000 1.000000
494.432861 0.000000 1726.221313 0.000000 0.625818 0.000000 -0.779969 1.000000 1.000000 1.000000
490.598022 0.000000 1717.944458 0.000000 0.952685 0.000000 -0.303959 1.000000 1.000000 1.000000
479.487488 0.000000 1725.657837 0.000000 0.999628 0.000000 0.027265 1.000000 1.000000 1.000000
484.112793 0.000000 1721.424194 0.000000 0.632613 0.000000 0.774468 1.000000 1.000000 1.000000
477.365143 0.000000 1717.081665 0.000000 0.290207 0.000000 -0.956964 1.000000 1.000000 1.000000
491.208557 0.000000 1723.675659 0.000000 0.994006 0.000000 0.109327 1.000000 1.000000 1.000000
476.389008 0.000000 1727.657959 0.000000 0.999717 0.000000 0.023800 1.000000 1.000000 1.000000
507.434753 0.000000 1721.564209 0.000000 0.720387 0.000000 -0.693572 1.000000 1.000000 1.000000
482.595367 0.000000 1698.043945 0.000000 0.414517 0.000000 -0.910042 1.000000 1.000000 1.000000
473.250793 0.000000 1727.108521 0.000000 0.027173 0.000000 0.999631 1.000000 1.000000 1.000000
483.371063 0.000000 1718.381958 0.000000 0.994133 0.000000 0.108166 1.000000 1.000000 1.000000
470.410858 0.000000 1696.552002 0.000000 0.587682 0.000000 -0.809092 1.000000 1.000000 1.000000
484.576599 0.000000 1713.579468 0.000000 0.994160 0.000000 0.107912 1.000000 1.000000 1.000000
476.835602 0.000000 1710.958984 0.000000 0.472132 0.000000 -0.881528 1.000000 1.000000 1.000000
474.269867 0.000000 1705.647217 0.000000 0.140401 0.000000 -0.990095 1.000000 1.000000 1.000000
490.370728 0.000000 1709.941406 0.000000 0.677716 0.000000 0.735324 1.000000 1.000000 1.000000
487.618256 0.000000 1718.670044 0.000000 0.952301 0.000000 -0.305161 1.000000 1.000000 1.000000
478.328949 0.000000 1706.904663 0.000000 0.998878 0.000000 0.047350 1.000000 1.000000 1.000000
476.890594 0.000000 1689.188110 0.000000 0.916329 0.000000 -0.400425 1.000000 1.000000 1.000000
473.171875 0.000000 1693.945801 0.000000 0.356566 0.000000 -0.934270 1.000000 1.000000 1.000000
488.631378 0.000000 1716.737061 0.000000 0.008351 0.000000 0.999965 1.000000 1.000000 1.000000
471.565155 0.000000 1704.977173 0.000000 0.277759 0.000000 0.960651 1.000000 1.000000 1.000000
477.698547 0.000000 1708.941528 0.000000 0.886468 0.000000 0.462790 1.000000 1.000000 1.000000
482.009064 0.000000 1709.944702 0.000000 0.335967 0.000000 0.941874 1.000000 1.000000 1.000000
478.846100 0.000000 1704.722900 0.000000 0.572793 0.000000 0.819700 1.000000 1.000000 1.000000
468.841034 0.000000 1720.718262 0.000000 0.759985 0.000000 0.649940 1.000000 1.000000 1.000000
464.768311 0.000000 1715.265747 0.000000 0.356681 0.000000 -0.934226 1.000000 1.000000 1.000000
471.301147 0.000000 1727.178955 0.000000 0.161733 0.000000 0.986834 1.000000 1.000000 1.000000
468.983887 0.000000 1711.127686 0.000000 0.159428 0.000000 -0.987210 1.000000 1.000000 1.000000
474.674316 0.000000 1693.041504 0.000000 0.873420 0.000000 0.486967 1.000000 1.000000 1.000000
480.536591 0.000000 1711.174683 0.000000 0.908440 0.000000 -0.418015 1.000000 1.000000 1.000000
486.940125 0.000000 1720.220825 0.000000 0.875666 0.000000 -0.482917 1.000000 1.000000 1.000000
472.768127 0.000000 1705.972412 0.000000 0.903250 0.000000 -0.429115 1.000000 1.000000 1.000000
469.672729 0.000000 1719.393311 0.000000 0.226802 0.000000 -0.973941 1.000000 1.000000 1.000000
472.098816 0.000000 1710.934326 0.000000 0.277305 0.000000 -0.960782 1.000000 1.000000 1.000000
470.505615 0.000000 1707.755737 0.000000 0.581721 0.000000 0.813389 1.000000 1.000000 1.000000
466.052002 0.000000 1710.799438 0.000000 0.937180 0.000000 -0.348847 1.000000 1.000000 1.000000
483.938080 0.000000 1714.632446 0.000000 0.293427 0.000000 0.955981 1.000000 1.000000 1.000000
470.983124 0.000000 1704.021240 0.000000 0.159095 0.000000 -0.987263 1.000000 1.000000 1.000000
484.327698 0.000000 1712.519165 0.000000 0.994306 0.000000 0.106560 1.000000 1.000000 1.000000
482.784241 0.000000 1715.377930 0.000000 0.528414 0.000000 -0.848987 1.000000 1.000000 1.000000
"}
object={
	name="tree_coral_generator_1_2"
	clamp_to_water_level=no
	render_under_water=no
	generated_content=yes
	layer="tree_high_layer"
	pdxmesh="tree_coral_01_c_mesh"
	count=53
	transform="88.809143 0.000000 1863.198120 0.000000 0.090075 0.000000 -0.995935 1.000000 1.000000 1.000000
84.317482 0.000000 1866.504639 0.000000 0.885023 0.000000 0.465547 1.000000 1.000000 1.000000
84.144951 0.000000 1861.298218 0.000000 0.912434 0.000000 0.409225 1.000000 1.000000 1.000000
87.600182 0.000000 1859.485596 0.000000 0.799729 0.000000 -0.600362 1.000000 1.000000 1.000000
86.626839 0.000000 1875.388062 0.000000 0.755103 0.000000 -0.655606 1.000000 1.000000 1.000000
84.678940 0.000000 1878.201294 0.000000 0.756878 0.000000 -0.653556 1.000000 1.000000 1.000000
85.194595 0.000000 1858.750610 0.000000 0.937748 0.000000 0.347317 1.000000 1.000000 1.000000
89.172150 0.000000 1860.969971 0.000000 0.973287 0.000000 -0.229591 1.000000 1.000000 1.000000
87.612038 0.000000 1864.945923 0.000000 0.997134 0.000000 0.075660 1.000000 1.000000 1.000000
86.203484 0.000000 1866.159668 0.000000 0.059247 0.000000 -0.998243 1.000000 1.000000 1.000000
82.168831 0.000000 1857.288696 0.000000 0.796560 0.000000 -0.604559 1.000000 1.000000 1.000000
142.709595 0.000000 1834.320068 0.000000 0.847374 0.000000 0.530997 1.000000 1.000000 1.000000
140.081421 0.000000 1837.152100 0.000000 0.707855 0.000000 -0.706358 1.000000 1.000000 1.000000
145.601303 0.000000 1838.815063 0.000000 0.844282 0.000000 -0.535899 1.000000 1.000000 1.000000
145.461197 0.000000 1839.678467 0.000000 0.900359 0.000000 -0.435148 1.000000 1.000000 1.000000
467.175690 0.000000 1696.133179 0.000000 0.042966 0.000000 0.999077 1.000000 1.000000 1.000000
470.789459 0.000000 1711.592896 0.000000 0.230679 0.000000 0.973030 1.000000 1.000000 1.000000
480.771484 0.000000 1705.543213 0.000000 0.984741 0.000000 -0.174025 1.000000 1.000000 1.000000
472.505554 0.000000 1688.436890 0.000000 0.877227 0.000000 -0.480076 1.000000 1.000000 1.000000
493.845856 0.000000 1720.832397 0.000000 0.224299 0.000000 0.974520 1.000000 1.000000 1.000000
498.923645 0.000000 1728.967773 0.000000 0.443927 0.000000 -0.896063 1.000000 1.000000 1.000000
483.610565 0.000000 1725.336182 0.000000 0.959738 0.000000 0.280898 1.000000 1.000000 1.000000
478.575531 0.000000 1713.323364 0.000000 0.755654 0.000000 -0.654971 1.000000 1.000000 1.000000
473.346588 0.000000 1717.706787 0.000000 0.962943 0.000000 0.269704 1.000000 1.000000 1.000000
480.389282 0.000000 1719.612915 0.000000 0.181585 0.000000 0.983375 1.000000 1.000000 1.000000
476.797943 0.000000 1704.177368 0.000000 0.999583 0.000000 0.028869 1.000000 1.000000 1.000000
471.553314 0.000000 1699.516846 0.000000 0.835280 0.000000 -0.549825 1.000000 1.000000 1.000000
470.581818 0.000000 1728.968628 0.000000 0.746720 0.000000 0.665139 1.000000 1.000000 1.000000
495.739838 0.000000 1723.272217 0.000000 0.688698 0.000000 0.725049 1.000000 1.000000 1.000000
481.589600 0.000000 1712.495850 0.000000 0.868822 0.000000 -0.495124 1.000000 1.000000 1.000000
479.512604 0.000000 1702.742310 0.000000 0.093859 0.000000 0.995586 1.000000 1.000000 1.000000
473.552124 0.000000 1710.407959 0.000000 0.996114 0.000000 0.088071 1.000000 1.000000 1.000000
468.000397 0.000000 1712.752197 0.000000 0.977837 0.000000 0.209366 1.000000 1.000000 1.000000
490.961792 0.000000 1720.782104 0.000000 0.345793 0.000000 0.938311 1.000000 1.000000 1.000000
495.973572 0.000000 1728.391724 0.000000 0.407506 0.000000 -0.913203 1.000000 1.000000 1.000000
478.843567 0.000000 1728.053467 0.000000 0.228420 0.000000 0.973563 1.000000 1.000000 1.000000
493.152252 0.000000 1718.513916 0.000000 0.808243 0.000000 -0.588849 1.000000 1.000000 1.000000
470.912506 0.000000 1718.446533 0.000000 0.100134 0.000000 0.994974 1.000000 1.000000 1.000000
473.715302 0.000000 1698.913574 0.000000 0.989883 0.000000 0.141884 1.000000 1.000000 1.000000
477.241913 0.000000 1725.351807 0.000000 0.925295 0.000000 -0.379247 1.000000 1.000000 1.000000
476.554352 0.000000 1714.001343 0.000000 0.868824 0.000000 -0.495120 1.000000 1.000000 1.000000
476.692780 0.000000 1722.026123 0.000000 0.996162 0.000000 0.087532 1.000000 1.000000 1.000000
472.215393 0.000000 1695.594482 0.000000 0.973073 0.000000 -0.230498 1.000000 1.000000 1.000000
468.747467 0.000000 1708.178589 0.000000 0.144464 0.000000 -0.989510 1.000000 1.000000 1.000000
471.289124 0.000000 1702.810791 0.000000 0.023814 0.000000 -0.999716 1.000000 1.000000 1.000000
477.927246 0.000000 1726.832397 0.000000 0.681551 0.000000 0.731770 1.000000 1.000000 1.000000
484.125092 0.000000 1717.094727 0.000000 0.559310 0.000000 -0.828959 1.000000 1.000000 1.000000
469.370972 0.000000 1709.987549 0.000000 0.849090 0.000000 0.528249 1.000000 1.000000 1.000000
473.708862 0.000000 1706.678711 0.000000 0.467331 0.000000 -0.884083 1.000000 1.000000 1.000000
468.667877 0.000000 1703.471191 0.000000 0.151216 0.000000 -0.988501 1.000000 1.000000 1.000000
471.332214 0.000000 1708.492920 0.000000 0.346898 0.000000 -0.937903 1.000000 1.000000 1.000000
470.215393 0.000000 1702.651611 0.000000 0.835471 0.000000 -0.549534 1.000000 1.000000 1.000000
472.813507 0.000000 1707.239014 0.000000 0.906883 0.000000 -0.421383 1.000000 1.000000 1.000000
"}
object={
	name="tree_coral_generator_1_3"
	clamp_to_water_level=no
	render_under_water=no
	generated_content=yes
	layer="tree_high_layer"
	pdxmesh="tree_coral_01_d_mesh"
	count=39
	transform="86.983887 0.000000 1853.009766 0.000000 0.703198 0.000000 0.710994 1.000000 1.000000 1.000000
93.914337 0.000000 1856.410156 0.000000 0.693278 0.000000 0.720670 1.000000 1.000000 1.000000
95.237488 0.000000 1850.678833 0.000000 0.977993 0.000000 0.208640 1.000000 1.000000 1.000000
86.552505 0.000000 1867.724487 0.000000 0.789323 0.000000 -0.613979 1.000000 1.000000 1.000000
151.949066 0.000000 1827.014404 0.000000 0.868107 0.000000 0.496378 1.000000 1.000000 1.000000
132.314346 0.000000 1833.750122 0.000000 0.422373 0.000000 0.906422 1.000000 1.000000 1.000000
136.711655 0.000000 1836.516968 0.000000 0.591517 0.000000 0.806293 1.000000 1.000000 1.000000
144.031921 0.000000 1838.027588 0.000000 0.744679 0.000000 -0.667422 1.000000 1.000000 1.000000
147.814224 0.000000 1834.374878 0.000000 0.234299 0.000000 0.972165 1.000000 1.000000 1.000000
138.550095 0.000000 1839.835449 0.000000 0.426768 0.000000 0.904361 1.000000 1.000000 1.000000
474.049652 0.000000 1696.434570 0.000000 0.121365 0.000000 0.992608 1.000000 1.000000 1.000000
468.270599 0.000000 1706.535889 0.000000 0.991639 0.000000 0.129047 1.000000 1.000000 1.000000
494.945496 0.000000 1731.017578 0.000000 0.874288 0.000000 -0.485408 1.000000 1.000000 1.000000
474.495300 0.000000 1713.234619 0.000000 0.864117 0.000000 -0.503292 1.000000 1.000000 1.000000
487.980133 0.000000 1711.585449 0.000000 0.861796 0.000000 -0.507255 1.000000 1.000000 1.000000
479.993774 0.000000 1709.498413 0.000000 0.548351 0.000000 -0.836249 1.000000 1.000000 1.000000
467.327759 0.000000 1726.743286 0.000000 0.007255 0.000000 -0.999974 1.000000 1.000000 1.000000
468.632080 0.000000 1718.232544 0.000000 0.992314 0.000000 0.123748 1.000000 1.000000 1.000000
500.746399 0.000000 1720.001953 0.000000 0.969291 0.000000 -0.245918 1.000000 1.000000 1.000000
467.919495 0.000000 1709.672607 0.000000 0.996368 0.000000 0.085147 1.000000 1.000000 1.000000
482.634827 0.000000 1728.324951 0.000000 0.895194 0.000000 0.445677 1.000000 1.000000 1.000000
472.844635 0.000000 1723.201050 0.000000 0.330314 0.000000 -0.943871 1.000000 1.000000 1.000000
466.052979 0.000000 1717.791870 0.000000 0.962769 0.000000 0.270324 1.000000 1.000000 1.000000
470.198303 0.000000 1709.097656 0.000000 0.600538 0.000000 -0.799596 1.000000 1.000000 1.000000
485.392822 0.000000 1719.520142 0.000000 0.646111 0.000000 0.763243 1.000000 1.000000 1.000000
493.423859 0.000000 1724.111572 0.000000 0.189213 0.000000 0.981936 1.000000 1.000000 1.000000
486.138092 0.000000 1710.401855 0.000000 0.666123 0.000000 -0.745842 1.000000 1.000000 1.000000
473.660706 0.000000 1708.059937 0.000000 0.006653 0.000000 -0.999978 1.000000 1.000000 1.000000
468.188782 0.000000 1724.947510 0.000000 0.240324 0.000000 0.970693 1.000000 1.000000 1.000000
472.026947 0.000000 1709.376221 0.000000 0.252262 0.000000 0.967659 1.000000 1.000000 1.000000
482.790405 0.000000 1714.175903 0.000000 0.739487 0.000000 0.673171 1.000000 1.000000 1.000000
475.092590 0.000000 1711.542725 0.000000 0.484161 0.000000 0.874979 1.000000 1.000000 1.000000
485.223450 0.000000 1711.895264 0.000000 0.125151 0.000000 0.992138 1.000000 1.000000 1.000000
481.063049 0.000000 1714.082153 0.000000 0.311970 0.000000 -0.950092 1.000000 1.000000 1.000000
473.211121 0.000000 1704.683838 0.000000 0.998127 0.000000 0.061171 1.000000 1.000000 1.000000
469.304108 0.000000 1707.142700 0.000000 0.924417 0.000000 0.381383 1.000000 1.000000 1.000000
471.366333 0.000000 1706.145752 0.000000 0.755618 0.000000 -0.655013 1.000000 1.000000 1.000000
468.685181 0.000000 1713.631104 0.000000 0.999886 0.000000 0.015076 1.000000 1.000000 1.000000
470.570374 0.000000 1705.249512 0.000000 0.536151 0.000000 0.844122 1.000000 1.000000 1.000000
"}
object={
	name="tree_coral_generator_1_4"
	clamp_to_water_level=no
	render_under_water=no
	generated_content=yes
	layer="tree_high_layer"
	pdxmesh="tree_coral_01_e_mesh"
	count=24
	transform="82.922325 0.000000 1881.088379 0.000000 0.709821 0.000000 -0.704382 1.000000 1.000000 1.000000
84.143600 0.000000 1864.573364 0.000000 0.999979 0.000000 0.006462 1.000000 1.000000 1.000000
88.262283 0.000000 1855.563232 0.000000 0.367396 0.000000 -0.930065 1.000000 1.000000 1.000000
85.491692 0.000000 1860.285278 0.000000 0.658664 0.000000 -0.752437 1.000000 1.000000 1.000000
87.027359 0.000000 1854.555420 0.000000 0.826480 0.000000 0.562966 1.000000 1.000000 1.000000
88.330978 0.000000 1852.945557 0.000000 0.599107 0.000000 0.800669 1.000000 1.000000 1.000000
138.508041 0.000000 1837.940063 0.000000 0.783649 0.000000 -0.621204 1.000000 1.000000 1.000000
145.069366 0.000000 1837.122559 0.000000 0.650074 0.000000 0.759871 1.000000 1.000000 1.000000
503.880615 0.000000 1721.349854 0.000000 0.961332 0.000000 -0.275393 1.000000 1.000000 1.000000
475.757874 0.000000 1723.788086 0.000000 0.797979 0.000000 0.602685 1.000000 1.000000 1.000000
491.495789 0.000000 1713.708496 0.000000 0.872533 0.000000 0.488555 1.000000 1.000000 1.000000
475.691254 0.000000 1708.193848 0.000000 0.888622 0.000000 -0.458639 1.000000 1.000000 1.000000
464.013031 0.000000 1725.817505 0.000000 0.537755 0.000000 -0.843101 1.000000 1.000000 1.000000
495.241638 0.000000 1716.503906 0.000000 0.380637 0.000000 -0.924724 1.000000 1.000000 1.000000
470.850769 0.000000 1720.877930 0.000000 0.759364 0.000000 0.650665 1.000000 1.000000 1.000000
464.263916 0.000000 1713.464111 0.000000 0.497139 0.000000 -0.867671 1.000000 1.000000 1.000000
475.763916 0.000000 1694.512085 0.000000 0.872542 0.000000 0.488538 1.000000 1.000000 1.000000
483.793213 0.000000 1715.811523 0.000000 0.796052 0.000000 -0.605228 1.000000 1.000000 1.000000
476.385468 0.000000 1706.239380 0.000000 0.647933 0.000000 -0.761697 1.000000 1.000000 1.000000
481.482910 0.000000 1717.906616 0.000000 0.600387 0.000000 0.799709 1.000000 1.000000 1.000000
475.006866 0.000000 1726.514404 0.000000 0.241510 0.000000 -0.970398 1.000000 1.000000 1.000000
482.773743 0.000000 1716.976074 0.000000 0.902003 0.000000 0.431731 1.000000 1.000000 1.000000
476.613556 0.000000 1726.429321 0.000000 0.178196 0.000000 -0.983995 1.000000 1.000000 1.000000
485.715576 0.000000 1713.988525 0.000000 0.541072 0.000000 -0.840976 1.000000 1.000000 1.000000
"}
object={
	name="tree_coral_generator_1_5"
	clamp_to_water_level=no
	render_under_water=no
	generated_content=yes
	layer="tree_high_layer"
	pdxmesh="tree_coral_01_f_mesh"
	count=41
	transform="86.836319 0.000000 1871.561646 0.000000 0.937988 0.000000 -0.346668 1.000000 1.000000 1.000000
89.393456 0.000000 1877.675537 0.000000 0.706277 0.000000 0.707936 1.000000 1.000000 1.000000
87.770172 0.000000 1867.135742 0.000000 0.805239 0.000000 0.592951 1.000000 1.000000 1.000000
86.245186 0.000000 1869.066406 0.000000 0.790871 0.000000 0.611982 1.000000 1.000000 1.000000
87.784340 0.000000 1876.796143 0.000000 0.075138 0.000000 0.997173 1.000000 1.000000 1.000000
90.721191 0.000000 1853.010254 0.000000 0.487630 0.000000 -0.873050 1.000000 1.000000 1.000000
93.780304 0.000000 1851.618774 0.000000 0.753163 0.000000 0.657834 1.000000 1.000000 1.000000
86.757698 0.000000 1858.116333 0.000000 0.828336 0.000000 -0.560232 1.000000 1.000000 1.000000
142.137741 0.000000 1837.127930 0.000000 0.965321 0.000000 -0.261066 1.000000 1.000000 1.000000
138.758469 0.000000 1835.067871 0.000000 0.913788 0.000000 -0.406191 1.000000 1.000000 1.000000
142.444992 0.000000 1838.853027 0.000000 0.332304 0.000000 0.943172 1.000000 1.000000 1.000000
145.868561 0.000000 1835.666504 0.000000 0.437644 0.000000 -0.899148 1.000000 1.000000 1.000000
143.742065 0.000000 1841.520996 0.000000 0.392983 0.000000 0.919546 1.000000 1.000000 1.000000
143.616989 0.000000 1839.933350 0.000000 0.720840 0.000000 0.693101 1.000000 1.000000 1.000000
466.695587 0.000000 1715.423096 0.000000 0.997819 0.000000 -0.066015 1.000000 1.000000 1.000000
476.071655 0.000000 1691.985596 0.000000 0.998156 0.000000 0.060707 1.000000 1.000000 1.000000
485.621918 0.000000 1704.386597 0.000000 0.893344 0.000000 -0.449374 1.000000 1.000000 1.000000
485.630737 0.000000 1729.683350 0.000000 0.115127 0.000000 -0.993351 1.000000 1.000000 1.000000
487.996521 0.000000 1725.937012 0.000000 0.851813 0.000000 -0.523846 1.000000 1.000000 1.000000
481.758179 0.000000 1715.695190 0.000000 0.830379 0.000000 -0.557199 1.000000 1.000000 1.000000
482.607666 0.000000 1702.047729 0.000000 0.972288 0.000000 0.233785 1.000000 1.000000 1.000000
471.723297 0.000000 1707.166992 0.000000 0.886112 0.000000 -0.463472 1.000000 1.000000 1.000000
482.911163 0.000000 1707.744263 0.000000 0.722705 0.000000 0.691157 1.000000 1.000000 1.000000
464.377289 0.000000 1719.509033 0.000000 0.047882 0.000000 -0.998853 1.000000 1.000000 1.000000
468.861176 0.000000 1723.119995 0.000000 0.965908 0.000000 0.258886 1.000000 1.000000 1.000000
493.219360 0.000000 1728.992676 0.000000 0.557290 0.000000 0.830318 1.000000 1.000000 1.000000
485.590332 0.000000 1727.053955 0.000000 0.932038 0.000000 0.362361 1.000000 1.000000 1.000000
492.645691 0.000000 1716.091431 0.000000 0.999999 0.000000 0.001525 1.000000 1.000000 1.000000
475.101501 0.000000 1702.590210 0.000000 0.841714 0.000000 0.539924 1.000000 1.000000 1.000000
495.387787 0.000000 1719.073975 0.000000 0.271756 0.000000 0.962366 1.000000 1.000000 1.000000
471.565857 0.000000 1713.521484 0.000000 0.375900 0.000000 -0.926660 1.000000 1.000000 1.000000
496.010284 0.000000 1721.204346 0.000000 0.566197 0.000000 0.824270 1.000000 1.000000 1.000000
489.129364 0.000000 1719.909546 0.000000 0.839947 0.000000 0.542669 1.000000 1.000000 1.000000
472.240417 0.000000 1697.637207 0.000000 0.297900 0.000000 -0.954597 1.000000 1.000000 1.000000
468.096741 0.000000 1704.604614 0.000000 0.708338 0.000000 0.705873 1.000000 1.000000 1.000000
477.480682 0.000000 1723.682129 0.000000 0.975806 0.000000 -0.218640 1.000000 1.000000 1.000000
485.092590 0.000000 1715.071899 0.000000 0.605557 0.000000 0.795802 1.000000 1.000000 1.000000
469.179138 0.000000 1702.337769 0.000000 0.206863 0.000000 0.978370 1.000000 1.000000 1.000000
489.963501 0.000000 1718.978394 0.000000 0.429221 0.000000 -0.903199 1.000000 1.000000 1.000000
472.069885 0.000000 1704.045410 0.000000 0.923662 0.000000 -0.383209 1.000000 1.000000 1.000000
469.993347 0.000000 1710.821289 0.000000 0.053696 0.000000 -0.998557 1.000000 1.000000 1.000000
"}
