object={
	name="tree_pine_01_a_generator_1_0"
	clamp_to_water_level=no
	render_under_water=no
	generated_content=yes
	layer="tree_high_layer"
	pdxmesh="tree_pine_single_01_a_mesh"
	count=68
	transform="2322.111084 0.000000 3194.723633 0.000000 0.080100 0.000000 0.996787 1.000000 1.000000 1.000000
2319.923828 0.000000 3191.070313 0.000000 0.781172 0.000000 -0.624317 1.000000 1.000000 1.000000
2323.572510 0.000000 3195.035156 0.000000 0.835429 0.000000 0.549598 1.000000 1.000000 1.000000
2323.867920 0.000000 3197.136719 0.000000 0.205442 0.000000 0.978669 1.000000 1.000000 1.000000
2322.843018 0.000000 3197.535645 0.000000 0.172519 0.000000 -0.985006 1.000000 1.000000 1.000000
2260.692627 0.000000 3236.280762 0.000000 0.999984 0.000000 -0.005689 1.000000 1.000000 1.000000
2303.193359 0.000000 3213.171143 0.000000 0.622872 0.000000 -0.782324 1.000000 1.000000 1.000000
2265.879395 0.000000 3230.206299 0.000000 0.854155 0.000000 -0.520018 1.000000 1.000000 1.000000
2290.677246 0.000000 3234.056885 0.000000 0.999670 0.000000 0.025698 1.000000 1.000000 1.000000
2264.218750 0.000000 3235.737305 0.000000 0.394737 0.000000 0.918794 1.000000 1.000000 1.000000
2265.279785 0.000000 3232.722656 0.000000 0.717445 0.000000 0.696616 1.000000 1.000000 1.000000
2286.119385 0.000000 3200.966064 0.000000 0.292251 0.000000 0.956342 1.000000 1.000000 1.000000
2300.329102 0.000000 3221.548828 0.000000 0.954943 0.000000 -0.296789 1.000000 1.000000 1.000000
2289.883545 0.000000 3210.466064 0.000000 0.175924 0.000000 -0.984404 1.000000 1.000000 1.000000
2289.428711 0.000000 3212.735596 0.000000 0.988685 0.000000 0.150006 1.000000 1.000000 1.000000
2267.575928 0.000000 3232.009766 0.000000 0.546317 0.000000 -0.837579 1.000000 1.000000 1.000000
2267.983887 0.000000 3229.885498 0.000000 0.867914 0.000000 0.496714 1.000000 1.000000 1.000000
2262.673096 0.000000 3236.495850 0.000000 0.045958 0.000000 0.998943 1.000000 1.000000 1.000000
2279.524902 0.000000 3204.941162 0.000000 0.938130 0.000000 0.346284 1.000000 1.000000 1.000000
2280.836670 0.000000 3237.287354 0.000000 0.143122 0.000000 -0.989705 1.000000 1.000000 1.000000
2288.056152 0.000000 3213.302734 0.000000 0.742445 0.000000 -0.669907 1.000000 1.000000 1.000000
2287.665771 0.000000 3203.979248 0.000000 0.987980 0.000000 -0.154585 1.000000 1.000000 1.000000
2280.253906 0.000000 3235.691406 0.000000 0.998926 0.000000 0.046331 1.000000 1.000000 1.000000
2281.578613 0.000000 3209.141602 0.000000 0.275379 0.000000 0.961336 1.000000 1.000000 1.000000
2267.076904 0.000000 3230.782959 0.000000 0.461928 0.000000 -0.886917 1.000000 1.000000 1.000000
2265.929199 0.000000 3236.823242 0.000000 0.623824 0.000000 -0.781565 1.000000 1.000000 1.000000
2279.846680 0.000000 3207.409668 0.000000 0.170997 0.000000 0.985271 1.000000 1.000000 1.000000
2288.170898 0.000000 3212.176514 0.000000 0.982594 0.000000 0.185767 1.000000 1.000000 1.000000
2264.884521 0.000000 3233.635010 0.000000 0.738471 0.000000 -0.674285 1.000000 1.000000 1.000000
2280.991699 0.000000 3259.813965 0.000000 0.955560 0.000000 -0.294798 1.000000 1.000000 1.000000
2293.977295 0.000000 3240.709717 0.000000 0.981125 0.000000 0.193372 1.000000 1.000000 1.000000
2275.731201 0.000000 3248.055176 0.000000 0.558742 0.000000 0.829341 1.000000 1.000000 1.000000
2283.052734 0.000000 3246.655273 0.000000 0.996629 0.000000 -0.082036 1.000000 1.000000 1.000000
2268.202393 0.000000 3257.261719 0.000000 0.952295 0.000000 0.305179 1.000000 1.000000 1.000000
2271.667480 0.000000 3254.567871 0.000000 0.995138 0.000000 0.098493 1.000000 1.000000 1.000000
2286.599121 0.000000 3253.383301 0.000000 0.898615 0.000000 -0.438739 1.000000 1.000000 1.000000
2281.122803 0.000000 3239.377930 0.000000 0.594397 0.000000 0.804172 1.000000 1.000000 1.000000
2280.364990 0.000000 3246.318604 0.000000 0.153710 0.000000 0.988116 1.000000 1.000000 1.000000
2270.944336 0.000000 3257.693848 0.000000 0.582223 0.000000 -0.813029 1.000000 1.000000 1.000000
2275.284180 0.000000 3250.699463 0.000000 0.454847 0.000000 0.890570 1.000000 1.000000 1.000000
2271.759033 0.000000 3253.248291 0.000000 0.939493 0.000000 -0.342567 1.000000 1.000000 1.000000
2271.357178 0.000000 3255.824219 0.000000 0.952731 0.000000 0.303815 1.000000 1.000000 1.000000
2270.429688 0.000000 3254.275635 0.000000 0.860483 0.000000 0.509479 1.000000 1.000000 1.000000
2270.035156 0.000000 3255.372559 0.000000 0.711297 0.000000 -0.702892 1.000000 1.000000 1.000000
2325.738281 0.000000 3203.505615 0.000000 0.974553 0.000000 0.224158 1.000000 1.000000 1.000000
2307.119141 0.000000 3202.858887 0.000000 0.906422 0.000000 -0.422373 1.000000 1.000000 1.000000
2325.214600 0.000000 3199.661865 0.000000 0.613096 0.000000 0.790008 1.000000 1.000000 1.000000
2310.070801 0.000000 3226.113770 0.000000 0.362383 0.000000 -0.932029 1.000000 1.000000 1.000000
2306.222168 0.000000 3208.671875 0.000000 0.992215 0.000000 0.124540 1.000000 1.000000 1.000000
2306.431885 0.000000 3205.454102 0.000000 0.325002 0.000000 0.945713 1.000000 1.000000 1.000000
2315.006592 0.000000 3229.359131 0.000000 0.414518 0.000000 0.910041 1.000000 1.000000 1.000000
2350.103516 0.000000 3227.454346 0.000000 0.365801 0.000000 -0.930693 1.000000 1.000000 1.000000
2349.813721 0.000000 3223.638916 0.000000 0.692164 0.000000 0.721741 1.000000 1.000000 1.000000
2309.735352 0.000000 3224.123779 0.000000 0.803711 0.000000 -0.595020 1.000000 1.000000 1.000000
2303.849365 0.000000 3217.309326 0.000000 0.945591 0.000000 -0.325356 1.000000 1.000000 1.000000
2346.203857 0.000000 3218.950684 0.000000 0.211372 0.000000 -0.977406 1.000000 1.000000 1.000000
2305.004150 0.000000 3209.690186 0.000000 0.756744 0.000000 -0.653712 1.000000 1.000000 1.000000
2344.801025 0.000000 3217.009521 0.000000 0.912945 0.000000 0.408083 1.000000 1.000000 1.000000
2307.901367 0.000000 3205.882324 0.000000 0.925497 0.000000 0.378754 1.000000 1.000000 1.000000
2351.849365 0.000000 3223.057861 0.000000 0.951215 0.000000 0.308528 1.000000 1.000000 1.000000
2350.874512 0.000000 3224.114258 0.000000 0.925150 0.000000 -0.379602 1.000000 1.000000 1.000000
2349.751465 0.000000 3220.043457 0.000000 0.770043 0.000000 0.637992 1.000000 1.000000 1.000000
2313.327148 0.000000 3253.686279 0.000000 0.302994 0.000000 0.952992 1.000000 1.000000 1.000000
2310.049072 0.000000 3242.564697 0.000000 0.820302 0.000000 0.571930 1.000000 1.000000 1.000000
2334.591797 0.000000 3241.753174 0.000000 0.833620 0.000000 -0.552338 1.000000 1.000000 1.000000
2315.371582 0.000000 3254.050049 0.000000 0.950160 0.000000 -0.311763 1.000000 1.000000 1.000000
2321.921875 0.000000 3248.966797 0.000000 0.537726 0.000000 -0.843120 1.000000 1.000000 1.000000
2311.119629 0.000000 3243.688965 0.000000 0.721386 0.000000 -0.692533 1.000000 1.000000 1.000000
"}
object={
	name="tree_pine_01_a_generator_1_1"
	clamp_to_water_level=no
	render_under_water=no
	generated_content=yes
	layer="tree_high_layer"
	pdxmesh="tree_pine_single_01_b_mesh"
	count=86
	transform="2301.916016 0.000000 3189.002197 0.000000 0.359704 0.000000 0.933066 1.000000 1.000000 1.000000
2303.026367 0.000000 3192.709961 0.000000 0.435966 0.000000 0.899963 1.000000 1.000000 1.000000
2300.113770 0.000000 3188.325439 0.000000 0.493623 0.000000 0.869676 1.000000 1.000000 1.000000
2303.157959 0.000000 3195.486572 0.000000 0.915324 0.000000 0.402719 1.000000 1.000000 1.000000
2303.750977 0.000000 3195.267090 0.000000 0.088275 0.000000 -0.996096 1.000000 1.000000 1.000000
2320.469238 0.000000 3193.278564 0.000000 0.770702 0.000000 0.637196 1.000000 1.000000 1.000000
2323.950684 0.000000 3198.281738 0.000000 0.243196 0.000000 0.969977 1.000000 1.000000 1.000000
2322.890137 0.000000 3196.378906 0.000000 0.245725 0.000000 0.969339 1.000000 1.000000 1.000000
2304.529785 0.000000 3196.623779 0.000000 0.370085 0.000000 0.928998 1.000000 1.000000 1.000000
2320.606934 0.000000 3194.889404 0.000000 0.009608 0.000000 -0.999954 1.000000 1.000000 1.000000
2321.577393 0.000000 3193.589600 0.000000 0.620935 0.000000 0.783862 1.000000 1.000000 1.000000
2322.821289 0.000000 3198.640625 0.000000 0.483652 0.000000 -0.875260 1.000000 1.000000 1.000000
2269.920166 0.000000 3227.637207 0.000000 0.364897 0.000000 -0.931048 1.000000 1.000000 1.000000
2300.073486 0.000000 3219.092529 0.000000 0.446508 0.000000 0.894780 1.000000 1.000000 1.000000
2287.859863 0.000000 3237.001221 0.000000 0.975296 0.000000 -0.220903 1.000000 1.000000 1.000000
2267.452148 0.000000 3234.271484 0.000000 0.836951 0.000000 0.547278 1.000000 1.000000 1.000000
2265.452393 0.000000 3239.352051 0.000000 0.460037 0.000000 0.887900 1.000000 1.000000 1.000000
2289.340576 0.000000 3204.594971 0.000000 0.844990 0.000000 0.534782 1.000000 1.000000 1.000000
2262.447998 0.000000 3232.635010 0.000000 0.976949 0.000000 -0.213474 1.000000 1.000000 1.000000
2288.334961 0.000000 3214.969727 0.000000 0.852192 0.000000 -0.523230 1.000000 1.000000 1.000000
2269.641113 0.000000 3231.007324 0.000000 0.425566 0.000000 -0.904927 1.000000 1.000000 1.000000
2280.938965 0.000000 3208.040527 0.000000 0.930218 0.000000 -0.367006 1.000000 1.000000 1.000000
2267.137207 0.000000 3227.995605 0.000000 0.935863 0.000000 0.352365 1.000000 1.000000 1.000000
2288.277100 0.000000 3208.783203 0.000000 0.953135 0.000000 -0.302545 1.000000 1.000000 1.000000
2263.420410 0.000000 3230.382080 0.000000 0.848146 0.000000 0.529763 1.000000 1.000000 1.000000
2287.141113 0.000000 3205.344482 0.000000 0.999970 0.000000 -0.007762 1.000000 1.000000 1.000000
2281.506836 0.000000 3235.887695 0.000000 0.392394 0.000000 -0.919797 1.000000 1.000000 1.000000
2289.015625 0.000000 3206.728271 0.000000 0.998905 0.000000 -0.046792 1.000000 1.000000 1.000000
2264.891602 0.000000 3237.527588 0.000000 0.068765 0.000000 0.997633 1.000000 1.000000 1.000000
2289.386963 0.000000 3235.614014 0.000000 0.992579 0.000000 -0.121606 1.000000 1.000000 1.000000
2280.364990 0.000000 3206.326416 0.000000 0.351003 0.000000 0.936374 1.000000 1.000000 1.000000
2269.628418 0.000000 3229.233154 0.000000 0.987115 0.000000 -0.160013 1.000000 1.000000 1.000000
2281.361084 0.000000 3234.246582 0.000000 0.998844 0.000000 0.048078 1.000000 1.000000 1.000000
2265.902344 0.000000 3234.049072 0.000000 0.700781 0.000000 0.713376 1.000000 1.000000 1.000000
2266.202148 0.000000 3231.666992 0.000000 0.914174 0.000000 0.405321 1.000000 1.000000 1.000000
2264.734131 0.000000 3230.901367 0.000000 0.346919 0.000000 0.937895 1.000000 1.000000 1.000000
2288.704102 0.000000 3210.047119 0.000000 0.664555 0.000000 0.747240 1.000000 1.000000 1.000000
2263.370361 0.000000 3234.993896 0.000000 0.851842 0.000000 -0.523799 1.000000 1.000000 1.000000
2269.177979 0.000000 3254.620361 0.000000 0.682764 0.000000 -0.730639 1.000000 1.000000 1.000000
2288.509277 0.000000 3240.187988 0.000000 0.359673 0.000000 0.933079 1.000000 1.000000 1.000000
2284.301514 0.000000 3253.747803 0.000000 0.980495 0.000000 0.196542 1.000000 1.000000 1.000000
2280.236084 0.000000 3255.532471 0.000000 0.210319 0.000000 -0.977633 1.000000 1.000000 1.000000
2288.334961 0.000000 3254.961914 0.000000 0.232492 0.000000 0.972598 1.000000 1.000000 1.000000
2275.832031 0.000000 3251.941895 0.000000 0.194766 0.000000 0.980850 1.000000 1.000000 1.000000
2266.465332 0.000000 3254.907471 0.000000 0.133979 0.000000 0.990984 1.000000 1.000000 1.000000
2287.317627 0.000000 3257.161865 0.000000 0.999420 0.000000 -0.034044 1.000000 1.000000 1.000000
2288.056641 0.000000 3242.527832 0.000000 0.963517 0.000000 -0.267647 1.000000 1.000000 1.000000
2293.126465 0.000000 3262.440430 0.000000 0.997474 0.000000 0.071037 1.000000 1.000000 1.000000
2278.654541 0.000000 3260.389893 0.000000 0.999942 0.000000 0.010730 1.000000 1.000000 1.000000
2279.793457 0.000000 3257.929932 0.000000 0.033153 0.000000 0.999450 1.000000 1.000000 1.000000
2270.425293 0.000000 3252.721436 0.000000 0.364884 0.000000 -0.931053 1.000000 1.000000 1.000000
2270.202393 0.000000 3256.489014 0.000000 0.827802 0.000000 -0.561020 1.000000 1.000000 1.000000
2267.804932 0.000000 3255.695313 0.000000 0.090413 0.000000 0.995904 1.000000 1.000000 1.000000
2266.716064 0.000000 3256.729492 0.000000 0.080046 0.000000 -0.996791 1.000000 1.000000 1.000000
2272.672852 0.000000 3255.588867 0.000000 0.346044 0.000000 0.938218 1.000000 1.000000 1.000000
2344.983887 0.000000 3219.821777 0.000000 0.427213 0.000000 0.904151 1.000000 1.000000 1.000000
2313.386475 0.000000 3227.459473 0.000000 0.372595 0.000000 -0.927994 1.000000 1.000000 1.000000
2303.741943 0.000000 3210.899414 0.000000 0.920763 0.000000 0.390121 1.000000 1.000000 1.000000
2311.303955 0.000000 3231.129395 0.000000 0.982477 0.000000 -0.186383 1.000000 1.000000 1.000000
2307.159668 0.000000 3199.935059 0.000000 0.711585 0.000000 -0.702600 1.000000 1.000000 1.000000
2346.127930 0.000000 3217.389160 0.000000 0.302012 0.000000 0.953304 1.000000 1.000000 1.000000
2311.141602 0.000000 3228.612549 0.000000 0.649093 0.000000 0.760709 1.000000 1.000000 1.000000
2347.541992 0.000000 3219.758301 0.000000 0.108603 0.000000 0.994085 1.000000 1.000000 1.000000
2350.520996 0.000000 3229.406006 0.000000 0.834655 0.000000 -0.550773 1.000000 1.000000 1.000000
2311.936523 0.000000 3226.177246 0.000000 0.060830 0.000000 -0.998148 1.000000 1.000000 1.000000
2348.148193 0.000000 3222.882813 0.000000 0.385898 0.000000 -0.922541 1.000000 1.000000 1.000000
2308.646729 0.000000 3227.549316 0.000000 0.977990 0.000000 -0.208654 1.000000 1.000000 1.000000
2308.477783 0.000000 3225.202148 0.000000 0.767484 0.000000 -0.641068 1.000000 1.000000 1.000000
2346.297607 0.000000 3220.819824 0.000000 0.083948 0.000000 -0.996470 1.000000 1.000000 1.000000
2347.813477 0.000000 3221.317383 0.000000 0.121050 0.000000 0.992646 1.000000 1.000000 1.000000
2347.403809 0.000000 3218.102783 0.000000 0.037783 0.000000 0.999286 1.000000 1.000000 1.000000
2305.826416 0.000000 3199.381104 0.000000 0.978725 0.000000 0.205177 1.000000 1.000000 1.000000
2309.379883 0.000000 3222.814209 0.000000 0.339363 0.000000 0.940656 1.000000 1.000000 1.000000
2307.905762 0.000000 3201.997314 0.000000 0.864604 0.000000 -0.502453 1.000000 1.000000 1.000000
2351.489258 0.000000 3227.234619 0.000000 0.928026 0.000000 0.372515 1.000000 1.000000 1.000000
2308.652588 0.000000 3224.079102 0.000000 0.526260 0.000000 -0.850324 1.000000 1.000000 1.000000
2323.870850 0.000000 3249.336426 0.000000 0.708328 0.000000 0.705883 1.000000 1.000000 1.000000
2315.602051 0.000000 3251.360840 0.000000 0.165500 0.000000 0.986210 1.000000 1.000000 1.000000
2316.001221 0.000000 3256.020752 0.000000 0.105559 0.000000 -0.994413 1.000000 1.000000 1.000000
2315.623535 0.000000 3259.733643 0.000000 0.999281 0.000000 -0.037925 1.000000 1.000000 1.000000
2334.686768 0.000000 3239.491699 0.000000 0.995747 0.000000 0.092128 1.000000 1.000000 1.000000
2319.057617 0.000000 3247.784180 0.000000 0.854202 0.000000 -0.519942 1.000000 1.000000 1.000000
2313.897705 0.000000 3255.811768 0.000000 0.917656 0.000000 0.397375 1.000000 1.000000 1.000000
2317.491943 0.000000 3244.119141 0.000000 0.113371 0.000000 0.993553 1.000000 1.000000 1.000000
2312.133301 0.000000 3242.371826 0.000000 0.993269 0.000000 -0.115827 1.000000 1.000000 1.000000
2314.414795 0.000000 3245.728271 0.000000 0.871802 0.000000 -0.489858 1.000000 1.000000 1.000000
"}
object={
	name="tree_pine_01_a_generator_1_2"
	clamp_to_water_level=no
	render_under_water=no
	generated_content=yes
	layer="tree_high_layer"
	pdxmesh="tree_pine_single_01_c_mesh"
	count=83
	transform="2302.544434 0.000000 3190.727295 0.000000 0.258598 0.000000 -0.965985 1.000000 1.000000 1.000000
2302.269043 0.000000 3194.310547 0.000000 0.328265 0.000000 0.944586 1.000000 1.000000 1.000000
2285.602539 0.000000 3198.388428 0.000000 0.619544 0.000000 0.784962 1.000000 1.000000 1.000000
2285.796143 0.000000 3195.701416 0.000000 0.884022 0.000000 0.467445 1.000000 1.000000 1.000000
2324.684814 0.000000 3196.288574 0.000000 0.540221 0.000000 -0.841523 1.000000 1.000000 1.000000
2318.184814 0.000000 3189.302734 0.000000 0.412500 0.000000 -0.910958 1.000000 1.000000 1.000000
2303.800293 0.000000 3191.665039 0.000000 0.525948 0.000000 0.850517 1.000000 1.000000 1.000000
2305.656494 0.000000 3198.907959 0.000000 0.638264 0.000000 -0.769818 1.000000 1.000000 1.000000
2325.326416 0.000000 3197.673096 0.000000 0.992421 0.000000 -0.122886 1.000000 1.000000 1.000000
2320.879883 0.000000 3191.951172 0.000000 0.984664 0.000000 -0.174459 1.000000 1.000000 1.000000
2305.011475 0.000000 3197.842285 0.000000 0.436829 0.000000 0.899544 1.000000 1.000000 1.000000
2278.621094 0.000000 3206.809082 0.000000 0.999957 0.000000 -0.009279 1.000000 1.000000 1.000000
2267.252686 0.000000 3237.152344 0.000000 0.100030 0.000000 0.994984 1.000000 1.000000 1.000000
2279.711426 0.000000 3234.453857 0.000000 0.994283 0.000000 -0.106781 1.000000 1.000000 1.000000
2302.645508 0.000000 3218.035645 0.000000 0.984555 0.000000 0.175077 1.000000 1.000000 1.000000
2290.799316 0.000000 3236.890869 0.000000 0.221609 0.000000 -0.975136 1.000000 1.000000 1.000000
2281.827148 0.000000 3238.460449 0.000000 0.395845 0.000000 -0.918317 1.000000 1.000000 1.000000
2264.469727 0.000000 3228.113281 0.000000 0.505109 0.000000 -0.863056 1.000000 1.000000 1.000000
2278.022949 0.000000 3204.556885 0.000000 0.601210 0.000000 -0.799091 1.000000 1.000000 1.000000
2262.291992 0.000000 3234.881348 0.000000 0.999933 0.000000 0.011589 1.000000 1.000000 1.000000
2280.578369 0.000000 3209.970215 0.000000 0.745726 0.000000 -0.666253 1.000000 1.000000 1.000000
2266.159912 0.000000 3235.571045 0.000000 0.238116 0.000000 0.971237 1.000000 1.000000 1.000000
2302.386475 0.000000 3214.833984 0.000000 0.662687 0.000000 -0.748897 1.000000 1.000000 1.000000
2302.181641 0.000000 3211.629639 0.000000 0.835329 0.000000 0.549750 1.000000 1.000000 1.000000
2263.878906 0.000000 3233.978516 0.000000 0.837457 0.000000 0.546503 1.000000 1.000000 1.000000
2303.093262 0.000000 3216.373047 0.000000 0.251826 0.000000 -0.967773 1.000000 1.000000 1.000000
2286.690918 0.000000 3202.295654 0.000000 0.642368 0.000000 -0.766396 1.000000 1.000000 1.000000
2289.603027 0.000000 3209.033936 0.000000 0.893290 0.000000 0.449481 1.000000 1.000000 1.000000
2287.467041 0.000000 3201.159668 0.000000 0.277183 0.000000 0.960817 1.000000 1.000000 1.000000
2288.972168 0.000000 3211.469971 0.000000 0.657676 0.000000 -0.753301 1.000000 1.000000 1.000000
2266.738281 0.000000 3233.062012 0.000000 0.293899 0.000000 -0.955837 1.000000 1.000000 1.000000
2267.955566 0.000000 3233.165527 0.000000 0.651430 0.000000 -0.758709 1.000000 1.000000 1.000000
2289.255859 0.000000 3207.907715 0.000000 0.177977 0.000000 0.984035 1.000000 1.000000 1.000000
2264.882568 0.000000 3234.744873 0.000000 0.743178 0.000000 0.669094 1.000000 1.000000 1.000000
2262.751465 0.000000 3233.754639 0.000000 0.495879 0.000000 0.868391 1.000000 1.000000 1.000000
2272.593018 0.000000 3252.212646 0.000000 0.483226 0.000000 -0.875496 1.000000 1.000000 1.000000
2272.277100 0.000000 3256.984375 0.000000 0.116676 0.000000 -0.993170 1.000000 1.000000 1.000000
2273.799072 0.000000 3254.075928 0.000000 0.368756 0.000000 -0.929526 1.000000 1.000000 1.000000
2273.983154 0.000000 3255.983154 0.000000 0.965409 0.000000 -0.260740 1.000000 1.000000 1.000000
2274.135498 0.000000 3251.643799 0.000000 0.077949 0.000000 0.996957 1.000000 1.000000 1.000000
2267.777344 0.000000 3254.201416 0.000000 0.968731 0.000000 0.248112 1.000000 1.000000 1.000000
2268.930176 0.000000 3256.231445 0.000000 0.971763 0.000000 -0.235959 1.000000 1.000000 1.000000
2269.372314 0.000000 3257.389648 0.000000 0.829437 0.000000 -0.558600 1.000000 1.000000 1.000000
2273.653564 0.000000 3252.739258 0.000000 0.055778 0.000000 0.998443 1.000000 1.000000 1.000000
2308.671143 0.000000 3229.495605 0.000000 0.999656 0.000000 -0.026235 1.000000 1.000000 1.000000
2348.466064 0.000000 3225.690430 0.000000 0.999330 0.000000 -0.036600 1.000000 1.000000 1.000000
2308.027100 0.000000 3223.143799 0.000000 0.840004 0.000000 0.542580 1.000000 1.000000 1.000000
2344.228271 0.000000 3215.540283 0.000000 0.999197 0.000000 0.040068 1.000000 1.000000 1.000000
2314.423828 0.000000 3231.707031 0.000000 0.982095 0.000000 0.188387 1.000000 1.000000 1.000000
2349.398438 0.000000 3221.433594 0.000000 0.060382 0.000000 -0.998175 1.000000 1.000000 1.000000
2334.060547 0.000000 3237.766357 0.000000 0.625235 0.000000 0.780436 1.000000 1.000000 1.000000
2351.989502 0.000000 3224.306152 0.000000 0.983964 0.000000 0.178367 1.000000 1.000000 1.000000
2307.215332 0.000000 3226.316162 0.000000 0.040187 0.000000 0.999192 1.000000 1.000000 1.000000
2306.882324 0.000000 3220.792969 0.000000 0.936161 0.000000 -0.351570 1.000000 1.000000 1.000000
2304.030762 0.000000 3208.556885 0.000000 0.590941 0.000000 -0.806715 1.000000 1.000000 1.000000
2305.434082 0.000000 3201.183838 0.000000 0.956909 0.000000 -0.290389 1.000000 1.000000 1.000000
2312.900146 0.000000 3229.741699 0.000000 0.016673 0.000000 -0.999861 1.000000 1.000000 1.000000
2304.719238 0.000000 3204.396729 0.000000 0.889270 0.000000 -0.457383 1.000000 1.000000 1.000000
2324.956543 0.000000 3201.630859 0.000000 1.000000 0.000000 -0.000173 1.000000 1.000000 1.000000
2351.437500 0.000000 3226.100342 0.000000 0.178239 0.000000 -0.983987 1.000000 1.000000 1.000000
2305.423096 0.000000 3207.025635 0.000000 0.710217 0.000000 0.703983 1.000000 1.000000 1.000000
2306.674072 0.000000 3224.556396 0.000000 0.022958 0.000000 0.999736 1.000000 1.000000 1.000000
2323.251221 0.000000 3199.380127 0.000000 0.990992 0.000000 0.133924 1.000000 1.000000 1.000000
2307.174805 0.000000 3207.168213 0.000000 0.648666 0.000000 0.761073 1.000000 1.000000 1.000000
2308.323975 0.000000 3221.440430 0.000000 0.564101 0.000000 -0.825706 1.000000 1.000000 1.000000
2350.799072 0.000000 3222.389893 0.000000 0.998790 0.000000 -0.049176 1.000000 1.000000 1.000000
2350.190674 0.000000 3225.156006 0.000000 0.486475 0.000000 -0.873694 1.000000 1.000000 1.000000
2306.896240 0.000000 3201.388428 0.000000 0.994170 0.000000 0.107824 1.000000 1.000000 1.000000
2306.371582 0.000000 3204.037842 0.000000 0.981524 0.000000 0.191338 1.000000 1.000000 1.000000
2348.745117 0.000000 3220.387451 0.000000 0.931363 0.000000 -0.364093 1.000000 1.000000 1.000000
2349.248535 0.000000 3222.552490 0.000000 0.109672 0.000000 -0.993968 1.000000 1.000000 1.000000
2309.664795 0.000000 3225.172119 0.000000 0.695667 0.000000 0.718365 1.000000 1.000000 1.000000
2351.249268 0.000000 3225.062744 0.000000 0.995019 0.000000 -0.099690 1.000000 1.000000 1.000000
2312.627441 0.000000 3243.986328 0.000000 0.529090 0.000000 0.848566 1.000000 1.000000 1.000000
2336.704590 0.000000 3239.820313 0.000000 0.999226 0.000000 -0.039327 1.000000 1.000000 1.000000
2311.573242 0.000000 3250.625244 0.000000 0.988183 0.000000 -0.153281 1.000000 1.000000 1.000000
2319.579590 0.000000 3249.729248 0.000000 0.618412 0.000000 0.785854 1.000000 1.000000 1.000000
2315.647949 0.000000 3244.609375 0.000000 0.225746 0.000000 0.974186 1.000000 1.000000 1.000000
2337.759766 0.000000 3242.460693 0.000000 0.239714 0.000000 -0.970844 1.000000 1.000000 1.000000
2320.383301 0.000000 3248.521973 0.000000 0.822171 0.000000 -0.569241 1.000000 1.000000 1.000000
2320.966064 0.000000 3249.875000 0.000000 0.452866 0.000000 -0.891579 1.000000 1.000000 1.000000
2322.782471 0.000000 3249.770508 0.000000 0.415485 0.000000 -0.909600 1.000000 1.000000 1.000000
2322.955322 0.000000 3248.693848 0.000000 0.090793 0.000000 0.995870 1.000000 1.000000 1.000000
"}
