object={
	name="tree_jungle_01_c_generator_1_0"
	clamp_to_water_level=no
	render_under_water=no
	generated_content=yes
	layer="tree_high_layer"
	pdxmesh="tree_jungle_01_c_mesh"
	count=131
	transform="2363.940918 0.000000 2948.252197 0.000000 0.927925 0.000000 0.372766 0.891417 0.891417 0.891417
2364.247314 0.000000 2940.240479 0.000000 0.660197 0.000000 -0.751092 0.940094 0.940094 0.940094
2344.545654 0.000000 2945.667969 0.000000 0.989545 0.000000 0.144227 0.898049 0.898049 0.898049
2362.397949 0.000000 2944.149414 0.000000 0.868584 0.000000 -0.495542 0.916309 0.916309 0.916309
2365.713135 0.000000 2943.315918 0.000000 0.307665 0.000000 -0.951495 0.973495 0.973495 0.973495
2366.556641 0.000000 2941.005859 0.000000 0.421605 0.000000 -0.906780 0.981649 0.981649 0.981649
2368.322021 0.000000 2944.324463 0.000000 0.983841 0.000000 0.179043 0.893124 0.893124 0.893124
2382.148438 0.000000 2938.923584 0.000000 0.752547 0.000000 -0.658538 0.901615 0.901615 0.901615
2395.590332 0.000000 2945.763672 0.000000 0.798699 0.000000 -0.601731 0.902901 0.902901 0.902901
2413.611572 0.000000 2920.597900 0.000000 0.660445 0.000000 -0.750875 0.903817 0.903817 0.903817
2397.550537 0.000000 2954.354248 0.000000 0.970993 0.000000 0.239108 0.897830 0.897830 0.897830
2390.290771 0.000000 2937.649414 0.000000 0.994095 0.000000 0.108515 0.896580 0.896580 0.896580
2404.953125 0.000000 2959.414062 0.000000 0.482290 0.000000 0.876012 0.871216 0.871216 0.871216
2411.963623 0.000000 2954.632080 0.000000 0.034637 0.000000 0.999400 0.841323 0.841323 0.841323
2402.425293 0.000000 2943.109131 0.000000 0.912098 0.000000 -0.409972 0.919932 0.919932 0.919932
2408.537842 0.000000 2945.667969 0.000000 0.468903 0.000000 -0.883250 0.924328 0.924328 0.924328
2399.946777 0.000000 2949.260254 0.000000 0.980882 0.000000 -0.194603 0.903080 0.903080 0.903080
2368.309082 0.000000 2938.026855 0.000000 0.653888 0.000000 0.756591 0.888432 0.888432 0.888432
2418.611328 0.000000 2923.252197 0.000000 0.468756 0.000000 0.883328 0.809972 0.809972 0.809972
2429.473389 0.000000 2935.277588 0.000000 0.475005 0.000000 -0.879983 1.018446 1.018446 1.018446
2402.505615 0.000000 2955.164551 0.000000 0.883192 0.000000 0.469011 0.885741 0.885741 0.885741
2419.074707 0.000000 2949.270752 0.000000 0.149647 0.000000 0.988739 0.868081 0.868081 0.868081
2407.184570 0.000000 2954.996338 0.000000 0.852408 0.000000 -0.522877 0.925962 0.925962 0.925962
2414.711182 0.000000 2930.783203 0.000000 0.945248 0.000000 0.326354 0.887302 0.887302 0.887302
2393.988525 0.000000 2935.340332 0.000000 0.652475 0.000000 -0.757810 0.944441 0.944441 0.944441
2391.566406 0.000000 2941.608643 0.000000 0.954786 0.000000 -0.297294 0.910852 0.910852 0.910852
2418.340088 0.000000 2943.606201 0.000000 0.068170 0.000000 0.997674 0.849358 0.849358 0.849358
2409.827881 0.000000 2957.811279 0.000000 0.227483 0.000000 -0.973782 0.969317 0.969317 0.969317
2406.051025 0.000000 2942.633789 0.000000 0.227106 0.000000 -0.973870 0.963307 0.963307 0.963307
2397.119873 0.000000 2932.349609 0.000000 0.340385 0.000000 0.940286 0.825777 0.825777 0.825777
2426.370605 0.000000 2933.505127 0.000000 0.839196 0.000000 -0.543829 0.949094 0.949094 0.949094
2431.614258 0.000000 2926.813232 0.000000 0.398171 0.000000 0.917311 0.847815 0.847815 0.847815
2427.200439 0.000000 2921.329834 0.000000 0.870208 0.000000 0.492684 0.851384 0.851384 0.851384
2396.715820 0.000000 2950.819580 0.000000 0.998664 0.000000 0.051680 0.897328 0.897328 0.897328
2422.017578 0.000000 2929.531494 0.000000 0.166265 0.000000 0.986081 0.764374 0.764374 0.764374
2401.538330 0.000000 2952.092285 0.000000 0.479244 0.000000 -0.877682 0.960161 0.960161 0.960161
2421.286865 0.000000 2935.637939 0.000000 0.191616 0.000000 -0.981470 0.958828 0.958828 0.958828
2420.731689 0.000000 2925.959717 0.000000 0.969391 0.000000 -0.245523 0.912262 0.912262 0.912262
2369.036621 0.000000 2941.185791 0.000000 0.016048 0.000000 0.999871 0.784719 0.784719 0.784719
2425.226807 0.000000 2923.821777 0.000000 0.525495 0.000000 -0.850797 0.986876 0.986876 0.986876
2413.077148 0.000000 2957.672363 0.000000 0.924184 0.000000 0.381947 0.881508 0.881508 0.881508
2415.505371 0.000000 2923.037842 0.000000 0.812297 0.000000 -0.583243 0.929383 0.929383 0.929383
2424.970703 0.000000 2930.382324 0.000000 0.837411 0.000000 0.546574 0.828538 0.828538 0.828538
2415.470947 0.000000 2954.756348 0.000000 0.966500 0.000000 -0.256667 0.912248 0.912248 0.912248
2425.978271 0.000000 2918.578857 0.000000 0.752557 0.000000 -0.658527 1.000142 1.000142 1.000142
2417.253906 0.000000 2925.982666 0.000000 0.524148 0.000000 -0.851627 0.968693 0.968693 0.968693
2430.424561 0.000000 2932.354980 0.000000 0.720401 0.000000 0.693558 0.863837 0.863837 0.863837
2393.223877 0.000000 2938.305176 0.000000 0.229945 0.000000 -0.973204 0.963170 0.963170 0.963170
2430.103760 0.000000 2937.946777 0.000000 0.996125 0.000000 0.087948 0.893075 0.893075 0.893075
2394.456787 0.000000 2932.738525 0.000000 0.542292 0.000000 0.840190 0.830511 0.830511 0.830511
2427.470703 0.000000 2937.377930 0.000000 0.592731 0.000000 0.805401 0.775871 0.775871 0.775871
2430.574463 0.000000 2916.051514 0.000000 0.992822 0.000000 -0.119598 0.910775 0.910775 0.910775
2423.129883 0.000000 2938.551025 0.000000 0.592582 0.000000 -0.805510 0.979963 0.979963 0.979963
2431.517090 0.000000 2935.998535 0.000000 0.733639 0.000000 -0.679540 0.977222 0.977222 0.977222
2430.874756 0.000000 2919.250244 0.000000 0.775906 0.000000 -0.630848 0.976692 0.976692 0.976692
2426.642334 0.000000 2935.521484 0.000000 0.700132 0.000000 -0.714013 1.003632 1.003632 1.003632
2403.640137 0.000000 2951.453857 0.000000 0.333703 0.000000 0.942678 0.775577 0.775577 0.775577
2424.831787 0.000000 2932.370850 0.000000 0.927652 0.000000 -0.373446 0.948156 0.948156 0.948156
2425.523438 0.000000 2920.467529 0.000000 0.586999 0.000000 -0.809587 1.029310 1.029310 1.029310
2424.372070 0.000000 2918.090088 0.000000 0.489763 0.000000 -0.871856 1.047523 1.047523 1.047523
2427.637451 0.000000 2918.923096 0.000000 0.363493 0.000000 0.931597 0.730307 0.730307 0.730307
2401.288574 0.000000 2960.966064 0.000000 0.650903 0.000000 -0.759161 0.917432 0.917432 0.917432
2424.749023 0.000000 2966.811768 0.000000 0.999749 0.000000 0.022416 0.899043 0.899043 0.899043
2430.424072 0.000000 2977.458496 0.000000 0.147363 0.000000 0.989082 0.759328 0.759328 0.759328
2424.656982 0.000000 2969.148682 0.000000 0.999777 0.000000 0.021101 0.897914 0.897914 0.897914
2431.915283 0.000000 2930.445312 0.000000 0.526189 0.000000 0.850368 0.890862 0.890862 0.890862
2437.674805 0.000000 2937.175049 0.000000 0.999014 0.000000 -0.044402 0.900499 0.900499 0.900499
2447.793945 0.000000 2943.464111 0.000000 0.122057 0.000000 0.992523 0.831656 0.831656 0.831656
2431.768311 0.000000 2923.008545 0.000000 0.442184 0.000000 0.896924 0.817491 0.817491 0.817491
2434.288086 0.000000 2934.208496 0.000000 0.816504 0.000000 -0.577340 0.940104 0.940104 0.940104
2435.862061 0.000000 2920.473877 0.000000 0.994744 0.000000 -0.102389 0.909218 0.909218 0.909218
2439.473633 0.000000 2922.441650 0.000000 0.995645 0.000000 -0.093227 0.907342 0.907342 0.907342
2435.920898 0.000000 2916.479492 0.000000 0.981331 0.000000 -0.192324 0.912610 0.912610 0.912610
2432.837891 0.000000 2926.045166 0.000000 0.999000 0.000000 -0.044700 0.902110 0.902110 0.902110
2433.315186 0.000000 2920.874023 0.000000 0.162551 0.000000 -0.986700 1.010689 1.010689 1.010689
2437.135010 0.000000 2922.447510 0.000000 0.828454 0.000000 0.560057 0.845237 0.845237 0.845237
2434.677002 0.000000 2918.461670 0.000000 0.763325 0.000000 -0.646015 0.961546 0.961546 0.961546
2438.258057 0.000000 2920.386719 0.000000 0.045942 0.000000 0.998944 0.735545 0.735545 0.735545
2436.968994 0.000000 2918.481934 0.000000 0.765710 0.000000 0.643186 0.830929 0.830929 0.830929
2432.487061 0.000000 2935.822998 0.000000 0.682099 0.000000 -0.731260 0.977399 0.977399 0.977399
2494.629395 0.000000 2984.344971 0.000000 0.910410 0.000000 -0.413707 0.900958 0.900958 0.900958
2477.011963 0.000000 2979.011230 0.000000 0.178350 0.000000 -0.983967 0.931265 0.931265 0.931265
2438.328369 0.000000 2972.925537 0.000000 0.570357 0.000000 -0.821397 0.945479 0.945479 0.945479
2447.946777 0.000000 2963.702637 0.000000 0.711173 0.000000 -0.703017 0.905255 0.905255 0.905255
2477.603760 0.000000 3000.582275 0.000000 0.950532 0.000000 -0.310626 0.904258 0.904258 0.904258
2432.072021 0.000000 2980.286865 0.000000 0.998433 0.000000 0.055958 0.894465 0.894465 0.894465
2467.368408 0.000000 3005.086182 0.000000 0.771126 0.000000 0.636683 0.890695 0.890695 0.890695
2469.501465 0.000000 2979.388672 0.000000 0.633497 0.000000 0.773746 0.838375 0.838375 0.838375
2439.931396 0.000000 2965.862061 0.000000 0.984987 0.000000 -0.172631 0.908576 0.908576 0.908576
2464.146973 0.000000 2999.363037 0.000000 0.973571 0.000000 0.228382 0.892234 0.892234 0.892234
2452.028320 0.000000 2986.285889 0.000000 0.695438 0.000000 -0.718586 0.921618 0.921618 0.921618
2487.877930 0.000000 3006.625000 0.000000 0.232420 0.000000 0.972615 0.830946 0.830946 0.830946
2437.960938 0.000000 2981.726318 0.000000 0.170435 0.000000 0.985369 0.701891 0.701891 0.701891
2454.243896 0.000000 3004.962158 0.000000 0.849183 0.000000 -0.528099 0.926252 0.926252 0.926252
2482.603516 0.000000 3003.236572 0.000000 0.455149 0.000000 -0.890415 0.951821 0.951821 0.951821
2433.729004 0.000000 2975.399414 0.000000 0.950944 0.000000 0.309362 0.894346 0.894346 0.894346
2448.565918 0.000000 2990.105713 0.000000 0.069910 0.000000 0.997553 0.839300 0.839300 0.839300
2457.335938 0.000000 2963.384766 0.000000 0.183805 0.000000 0.982963 0.862631 0.862631 0.862631
2473.561279 0.000000 2982.023193 0.000000 0.239605 0.000000 -0.970871 0.998530 0.998530 0.998530
2469.388428 0.000000 3009.433350 0.000000 0.078028 0.000000 -0.996951 0.946955 0.946955 0.946955
2437.662598 0.000000 2977.349609 0.000000 0.938913 0.000000 -0.344154 0.910262 0.910262 0.910262
2474.355713 0.000000 2997.694580 0.000000 0.224557 0.000000 0.974461 0.869795 0.869795 0.869795
2487.827881 0.000000 2996.459961 0.000000 0.043426 0.000000 0.999057 0.858818 0.858818 0.858818
2490.681641 0.000000 2982.296143 0.000000 0.928174 0.000000 -0.372146 0.908568 0.908568 0.908568
2471.738037 0.000000 2991.335449 0.000000 0.865828 0.000000 0.500342 0.883517 0.883517 0.883517
2467.870605 0.000000 3001.174316 0.000000 0.240452 0.000000 -0.970661 0.962660 0.962660 0.962660
2466.365479 0.000000 2981.797852 0.000000 0.492825 0.000000 -0.870128 0.949802 0.949802 0.949802
2493.707275 0.000000 2980.757568 0.000000 0.480400 0.000000 0.877050 0.849527 0.849527 0.849527
2484.723877 0.000000 3005.944092 0.000000 0.876366 0.000000 -0.481645 0.923712 0.923712 0.923712
2435.285645 0.000000 2979.814941 0.000000 0.962000 0.000000 -0.273049 0.932313 0.932313 0.932313
2462.394531 0.000000 3002.087158 0.000000 0.734545 0.000000 -0.678560 0.935190 0.935190 0.935190
2457.008545 0.000000 3006.858643 0.000000 0.318039 0.000000 0.948078 0.841154 0.841154 0.841154
2466.392578 0.000000 3008.074951 0.000000 0.649324 0.000000 -0.760512 0.940772 0.940772 0.940772
2479.497559 0.000000 3003.022217 0.000000 0.668922 0.000000 0.743332 0.864223 0.864223 0.864223
2441.044678 0.000000 2981.033691 0.000000 0.991074 0.000000 -0.133316 0.912318 0.912318 0.912318
2481.246094 0.000000 3005.967041 0.000000 0.602720 0.000000 -0.797952 0.941518 0.941518 0.941518
2473.972656 0.000000 2979.303467 0.000000 0.420117 0.000000 -0.907470 0.979212 0.979212 0.979212
2470.872559 0.000000 2981.753174 0.000000 0.090751 0.000000 0.995874 0.710462 0.710462 0.710462
2434.032227 0.000000 2982.267578 0.000000 0.992096 0.000000 -0.125483 0.912156 0.912156 0.912156
2432.235107 0.000000 2977.593018 0.000000 0.999068 0.000000 -0.043167 0.903299 0.903299 0.903299
2439.922852 0.000000 2978.691162 0.000000 0.026706 0.000000 0.999643 0.754285 0.754285 0.754285
2441.443604 0.000000 2967.567139 0.000000 0.801566 0.000000 0.597906 0.836640 0.836640 0.836640
2471.719971 0.000000 2978.815674 0.000000 0.951994 0.000000 0.306115 0.872738 0.872738 0.872738
2437.945557 0.000000 2979.564453 0.000000 0.776713 0.000000 0.629855 0.835700 0.835700 0.835700
2473.340576 0.000000 2992.635986 0.000000 0.541773 0.000000 -0.840525 0.987476 0.987476 0.987476
2472.358887 0.000000 2980.549316 0.000000 0.333391 0.000000 0.942789 0.767246 0.767246 0.767246
2436.573975 0.000000 2980.811768 0.000000 0.239677 0.000000 0.970853 0.711908 0.711908 0.711908
2435.174561 0.000000 2981.324951 0.000000 0.960750 0.000000 0.277414 0.846945 0.846945 0.846945
2496.064209 0.000000 2980.286865 0.000000 0.762107 0.000000 0.647452 0.871518 0.871518 0.871518
2501.272461 0.000000 2992.824707 0.000000 0.141371 0.000000 0.989957 0.880736 0.880736 0.880736
2497.470215 0.000000 2984.910156 0.000000 0.508147 0.000000 0.861270 0.881346 0.881346 0.881346
"}
