object={
	name="tree_leaf_01_single_generator_1_0"
	clamp_to_water_level=no
	render_under_water=no
	generated_content=yes
	layer="tree_high_layer"
	pdxmesh="tree_leaf_01_single_a_mesh"
	count=27
	transform="1107.307373 0.000000 3169.918945 0.000000 0.918649 0.000000 0.395074 0.696451 0.696451 0.696451
1099.964844 0.000000 3171.749512 0.000000 0.786086 0.000000 -0.618117 0.772199 0.772199 0.772199
1092.053711 0.000000 3164.509766 0.000000 0.345249 0.000000 -0.938511 0.708516 0.708516 0.708516
1094.226318 0.000000 3171.051514 0.000000 0.464580 0.000000 0.885531 0.637276 0.637276 0.637276
1093.444458 0.000000 3152.793457 0.000000 0.987353 0.000000 -0.158538 0.710295 0.710295 0.710295
1104.460815 0.000000 3174.235840 0.000000 0.918395 0.000000 0.395665 0.690758 0.690758 0.690758
1095.496460 0.000000 3166.983887 0.000000 0.391831 0.000000 -0.920037 0.738788 0.738788 0.738788
1092.084961 0.000000 3156.432617 0.000000 0.683347 0.000000 0.730094 0.682836 0.682836 0.682836
1103.694824 0.000000 3170.441895 0.000000 0.662665 0.000000 0.748916 0.589060 0.589060 0.589060
1097.264771 0.000000 3169.789062 0.000000 0.484909 0.000000 0.874565 0.655351 0.655351 0.655351
1101.238281 0.000000 3174.447021 0.000000 0.935719 0.000000 -0.352746 0.737801 0.737801 0.737801
1106.261841 0.000000 3163.770996 0.000000 0.886872 0.000000 -0.462015 0.728536 0.728536 0.728536
1108.783081 0.000000 3162.838867 0.000000 0.961900 0.000000 -0.273401 0.711615 0.711615 0.711615
1093.935303 0.000000 3168.741455 0.000000 0.980653 0.000000 0.195755 0.681751 0.681751 0.681751
1101.114380 0.000000 3176.864258 0.000000 0.787336 0.000000 -0.616525 0.733668 0.733668 0.733668
1102.711914 0.000000 3172.636963 0.000000 0.224426 0.000000 0.974491 0.359319 0.359319 0.359319
1105.708740 0.000000 3171.575195 0.000000 0.772680 0.000000 0.634795 0.638704 0.638704 0.638704
1098.930542 0.000000 3173.858398 0.000000 0.916484 0.000000 0.400071 0.665474 0.665474 0.665474
1101.348999 0.000000 3170.053223 0.000000 0.452968 0.000000 -0.891527 0.823109 0.823109 0.823109
1096.169922 0.000000 3171.406738 0.000000 0.086729 0.000000 0.996232 0.539213 0.539213 0.539213
1098.041016 0.000000 3171.827393 0.000000 0.804634 0.000000 0.593771 0.631118 0.631118 0.631118
1095.504517 0.000000 3169.739502 0.000000 0.886658 0.000000 0.462425 0.631951 0.631951 0.631951
1104.392212 0.000000 3172.570312 0.000000 0.454203 0.000000 0.890898 0.515569 0.515569 0.515569
1101.189331 0.000000 3172.745605 0.000000 0.874788 0.000000 -0.484506 0.784857 0.784857 0.784857
1105.830811 0.000000 3173.252197 0.000000 0.660544 0.000000 -0.750788 0.842478 0.842478 0.842478
1103.374268 0.000000 3173.722656 0.000000 0.689951 0.000000 0.723856 0.494905 0.494905 0.494905
1102.068481 0.000000 3173.632080 0.000000 0.542776 0.000000 0.839878 0.447346 0.447346 0.447346
"}
