object={
	name="tree_emperorparasol_02_generator_1_0"
	clamp_to_water_level=no
	render_under_water=no
	generated_content=yes
	layer="tree_high_layer"
	pdxmesh="tree_emperorparasol_02_a_mesh"
	count=146
	transform="4862.035645 0.000000 2546.375732 0.000000 0.487214 0.000000 -0.873283 1.000000 1.000000 1.000000
4922.747070 0.000000 2418.290283 0.000000 0.995266 0.000000 0.097184 1.000000 1.000000 1.000000
4924.923340 0.000000 2444.323730 0.000000 0.016863 0.000000 0.999858 1.000000 1.000000 1.000000
4920.638184 0.000000 2456.921631 0.000000 0.368661 0.000000 0.929564 1.000000 1.000000 1.000000
4919.953613 0.000000 2460.699707 0.000000 0.973508 0.000000 -0.228653 1.000000 1.000000 1.000000
4924.737305 0.000000 2419.000977 0.000000 0.973608 0.000000 0.228225 1.000000 1.000000 1.000000
4951.958496 0.000000 2408.296143 0.000000 0.471626 0.000000 -0.881799 1.000000 1.000000 1.000000
4927.767090 0.000000 2420.396240 0.000000 0.376325 0.000000 -0.926488 1.000000 1.000000 1.000000
4983.175781 0.000000 2469.453369 0.000000 0.007351 0.000000 0.999973 1.000000 1.000000 1.000000
4954.989258 0.000000 2406.508057 0.000000 0.964360 0.000000 -0.264594 1.000000 1.000000 1.000000
4975.158691 0.000000 2474.850098 0.000000 0.883802 0.000000 -0.467861 1.000000 1.000000 1.000000
4953.981445 0.000000 2409.397217 0.000000 0.992855 0.000000 -0.119328 1.000000 1.000000 1.000000
4976.288574 0.000000 2464.947510 0.000000 0.843398 0.000000 -0.537289 1.000000 1.000000 1.000000
4976.479004 0.000000 2462.319092 0.000000 0.170050 0.000000 -0.985435 1.000000 1.000000 1.000000
4972.416992 0.000000 2454.756592 0.000000 0.899904 0.000000 0.436087 1.000000 1.000000 1.000000
4988.647461 0.000000 2456.881592 0.000000 0.887686 0.000000 -0.460449 1.000000 1.000000 1.000000
4924.554688 0.000000 2486.853271 0.000000 0.466828 0.000000 0.884348 1.000000 1.000000 1.000000
4868.098633 0.000000 2550.168945 0.000000 0.560629 0.000000 -0.828067 1.000000 1.000000 1.000000
4863.599609 0.000000 2549.022705 0.000000 0.291955 0.000000 -0.956432 1.000000 1.000000 1.000000
4926.837402 0.000000 2483.130859 0.000000 0.407473 0.000000 -0.913217 1.000000 1.000000 1.000000
4904.380859 0.000000 2551.773193 0.000000 0.577426 0.000000 -0.816443 1.000000 1.000000 1.000000
4888.711914 0.000000 2526.952393 0.000000 0.173026 0.000000 0.984917 1.000000 1.000000 1.000000
4903.352051 0.000000 2548.711670 0.000000 0.999982 0.000000 0.005968 1.000000 1.000000 1.000000
4909.999512 0.000000 2549.240967 0.000000 0.777464 0.000000 -0.628928 1.000000 1.000000 1.000000
4930.340820 0.000000 2480.725342 0.000000 0.944478 0.000000 0.328574 1.000000 1.000000 1.000000
4962.112793 0.000000 2543.187256 0.000000 0.593287 0.000000 0.804991 1.000000 1.000000 1.000000
4959.553711 0.000000 2530.019531 0.000000 0.268605 0.000000 -0.963251 1.000000 1.000000 1.000000
4946.148926 0.000000 2515.266846 0.000000 0.978763 0.000000 -0.204995 1.000000 1.000000 1.000000
4940.986816 0.000000 2519.681152 0.000000 0.875744 0.000000 0.482777 1.000000 1.000000 1.000000
4975.858398 0.000000 2557.779785 0.000000 0.560972 0.000000 -0.827835 1.000000 1.000000 1.000000
4966.872070 0.000000 2555.074463 0.000000 0.394871 0.000000 -0.918736 1.000000 1.000000 1.000000
4975.390137 0.000000 2551.872559 0.000000 0.199623 0.000000 0.979873 1.000000 1.000000 1.000000
4958.940430 0.000000 2525.501709 0.000000 0.485375 0.000000 -0.874306 1.000000 1.000000 1.000000
4953.948242 0.000000 2513.078369 0.000000 0.647696 0.000000 0.761899 1.000000 1.000000 1.000000
4937.719238 0.000000 2515.746826 0.000000 0.179839 0.000000 0.983696 1.000000 1.000000 1.000000
4947.453613 0.000000 2512.595947 0.000000 0.748123 0.000000 -0.663560 1.000000 1.000000 1.000000
4973.902344 0.000000 2491.213867 0.000000 0.900539 0.000000 -0.434775 1.000000 1.000000 1.000000
4975.266602 0.000000 2479.521729 0.000000 0.600692 0.000000 -0.799480 1.000000 1.000000 1.000000
5023.118652 0.000000 2454.330078 0.000000 0.996245 0.000000 -0.086581 1.000000 1.000000 1.000000
5013.970703 0.000000 2537.727539 0.000000 0.999849 0.000000 -0.017397 1.000000 1.000000 1.000000
4993.416504 0.000000 2495.493164 0.000000 0.616030 0.000000 -0.787723 1.000000 1.000000 1.000000
5017.668457 0.000000 2535.418457 0.000000 0.087954 0.000000 0.996125 1.000000 1.000000 1.000000
4992.879883 0.000000 2492.085693 0.000000 0.315231 0.000000 -0.949015 1.000000 1.000000 1.000000
4991.922363 0.000000 2497.686768 0.000000 0.223196 0.000000 -0.974774 1.000000 1.000000 1.000000
5051.309570 0.000000 2500.441162 0.000000 0.954993 0.000000 -0.296627 1.000000 1.000000 1.000000
5012.291992 0.000000 2481.681885 0.000000 0.467737 0.000000 0.883868 1.000000 1.000000 1.000000
5059.541992 0.000000 2520.552002 0.000000 0.886244 0.000000 0.463218 1.000000 1.000000 1.000000
5057.828125 0.000000 2529.757812 0.000000 0.425068 0.000000 0.905161 1.000000 1.000000 1.000000
5059.231445 0.000000 2522.180176 0.000000 0.693060 0.000000 -0.720880 1.000000 1.000000 1.000000
4475.683105 0.000000 2788.283447 0.000000 0.553453 0.000000 0.832881 1.000000 1.000000 1.000000
4476.801270 0.000000 2749.816650 0.000000 0.371156 0.000000 0.928571 1.000000 1.000000 1.000000
4464.466309 0.000000 2789.002686 0.000000 0.999454 0.000000 0.033033 1.000000 1.000000 1.000000
4474.318359 0.000000 2750.593262 0.000000 0.744695 0.000000 0.667405 1.000000 1.000000 1.000000
4467.402832 0.000000 2787.419922 0.000000 0.534225 0.000000 0.845342 1.000000 1.000000 1.000000
4463.420410 0.000000 2824.606689 0.000000 0.760885 0.000000 0.648887 1.000000 1.000000 1.000000
4445.743652 0.000000 2838.998535 0.000000 0.679046 0.000000 0.734096 1.000000 1.000000 1.000000
4466.979980 0.000000 2800.238770 0.000000 0.883633 0.000000 -0.468179 1.000000 1.000000 1.000000
4442.252441 0.000000 2841.853516 0.000000 0.204388 0.000000 -0.978890 1.000000 1.000000 1.000000
4577.054688 0.000000 2773.695801 0.000000 0.999950 0.000000 -0.009964 1.000000 1.000000 1.000000
4570.705078 0.000000 2793.041504 0.000000 0.500691 0.000000 -0.865626 1.000000 1.000000 1.000000
4576.161621 0.000000 2783.564941 0.000000 0.604536 0.000000 -0.796578 1.000000 1.000000 1.000000
4575.935547 0.000000 2773.248047 0.000000 0.330858 0.000000 0.943681 1.000000 1.000000 1.000000
4500.048340 0.000000 2868.991699 0.000000 0.957910 0.000000 0.287069 1.000000 1.000000 1.000000
4482.595215 0.000000 2851.349854 0.000000 0.511609 0.000000 -0.859219 1.000000 1.000000 1.000000
4498.601562 0.000000 2871.202393 0.000000 0.291082 0.000000 -0.956698 1.000000 1.000000 1.000000
4493.782715 0.000000 2870.613770 0.000000 0.991430 0.000000 -0.130638 1.000000 1.000000 1.000000
4502.011719 0.000000 2865.327637 0.000000 0.166760 0.000000 -0.985997 1.000000 1.000000 1.000000
4497.077637 0.000000 2870.739014 0.000000 0.950990 0.000000 0.309223 1.000000 1.000000 1.000000
4495.602051 0.000000 2870.444824 0.000000 0.656481 0.000000 -0.754343 1.000000 1.000000 1.000000
4547.631836 0.000000 2844.572266 0.000000 0.148179 0.000000 -0.988961 1.000000 1.000000 1.000000
4547.031250 0.000000 2848.285645 0.000000 0.706304 0.000000 -0.707909 1.000000 1.000000 1.000000
4556.816406 0.000000 2854.509521 0.000000 0.299797 0.000000 -0.954003 1.000000 1.000000 1.000000
4565.088379 0.000000 2807.936523 0.000000 0.523073 0.000000 0.852288 1.000000 1.000000 1.000000
4546.587402 0.000000 2851.349854 0.000000 0.952106 0.000000 -0.305767 1.000000 1.000000 1.000000
4587.482422 0.000000 2800.109131 0.000000 0.851963 0.000000 -0.523602 1.000000 1.000000 1.000000
4571.137207 0.000000 2804.082031 0.000000 0.335031 0.000000 -0.942207 1.000000 1.000000 1.000000
4548.029785 0.000000 2850.062500 0.000000 0.701138 0.000000 -0.713026 1.000000 1.000000 1.000000
4560.963379 0.000000 2842.245117 0.000000 0.908258 0.000000 -0.418411 1.000000 1.000000 1.000000
4560.134766 0.000000 2843.853271 0.000000 0.924685 0.000000 0.380734 1.000000 1.000000 1.000000
4569.785645 0.000000 2804.880371 0.000000 0.997077 0.000000 0.076406 1.000000 1.000000 1.000000
4556.488770 0.000000 2858.350830 0.000000 0.753947 0.000000 0.656935 1.000000 1.000000 1.000000
4568.415039 0.000000 2804.970459 0.000000 0.606794 0.000000 0.794859 1.000000 1.000000 1.000000
4553.943848 0.000000 2829.241699 0.000000 0.757909 0.000000 -0.652361 1.000000 1.000000 1.000000
4552.052734 0.000000 2832.932861 0.000000 0.837861 0.000000 -0.545884 1.000000 1.000000 1.000000
4538.718750 0.000000 2881.369141 0.000000 0.999100 0.000000 0.042417 1.000000 1.000000 1.000000
4510.853027 0.000000 2884.830811 0.000000 0.989300 0.000000 0.145895 1.000000 1.000000 1.000000
4859.800293 0.000000 2610.480225 0.000000 0.949696 0.000000 0.313172 1.000000 1.000000 1.000000
4851.278320 0.000000 2596.675781 0.000000 0.597545 0.000000 -0.801835 1.000000 1.000000 1.000000
4839.448730 0.000000 2591.413574 0.000000 0.950227 0.000000 -0.311559 1.000000 1.000000 1.000000
4858.073730 0.000000 2613.567627 0.000000 0.072918 0.000000 0.997338 1.000000 1.000000 1.000000
4843.904297 0.000000 2585.284668 0.000000 0.673222 0.000000 -0.739441 1.000000 1.000000 1.000000
4856.673828 0.000000 2610.444824 0.000000 0.178590 0.000000 0.983924 1.000000 1.000000 1.000000
4844.736328 0.000000 2632.186035 0.000000 0.599560 0.000000 -0.800330 1.000000 1.000000 1.000000
4834.559082 0.000000 2584.472900 0.000000 0.031773 0.000000 -0.999495 1.000000 1.000000 1.000000
4820.379883 0.000000 2713.295898 0.000000 0.859963 0.000000 0.510357 1.000000 1.000000 1.000000
4837.409668 0.000000 2667.535156 0.000000 0.805437 0.000000 -0.592682 1.000000 1.000000 1.000000
4821.392090 0.000000 2716.893311 0.000000 0.080666 0.000000 -0.996741 1.000000 1.000000 1.000000
4827.781250 0.000000 2717.736816 0.000000 0.840176 0.000000 -0.542313 1.000000 1.000000 1.000000
4884.372070 0.000000 2633.311523 0.000000 0.446296 0.000000 0.894885 1.000000 1.000000 1.000000
4877.843750 0.000000 2618.986084 0.000000 0.996384 0.000000 0.084965 1.000000 1.000000 1.000000
4867.592773 0.000000 2604.619141 0.000000 0.450384 0.000000 0.892835 1.000000 1.000000 1.000000
4888.820801 0.000000 2637.347168 0.000000 0.811675 0.000000 0.584110 1.000000 1.000000 1.000000
4880.000000 0.000000 2614.345215 0.000000 0.873795 0.000000 0.486294 1.000000 1.000000 1.000000
4887.748535 0.000000 2633.974121 0.000000 0.732486 0.000000 -0.680783 1.000000 1.000000 1.000000
4891.352539 0.000000 2600.081299 0.000000 0.999905 0.000000 -0.013798 1.000000 1.000000 1.000000
4974.212402 0.000000 2560.822510 0.000000 0.117797 0.000000 -0.993038 1.000000 1.000000 1.000000
4952.729004 0.000000 2630.400391 0.000000 0.989178 0.000000 0.146718 1.000000 1.000000 1.000000
4948.323242 0.000000 2565.113281 0.000000 0.994680 0.000000 -0.103013 1.000000 1.000000 1.000000
4962.228516 0.000000 2618.131592 0.000000 0.993842 0.000000 0.110811 1.000000 1.000000 1.000000
4966.872070 0.000000 2635.058838 0.000000 0.739719 0.000000 -0.672916 1.000000 1.000000 1.000000
4965.738770 0.000000 2622.696289 0.000000 0.336341 0.000000 0.941740 1.000000 1.000000 1.000000
4958.931152 0.000000 2626.051270 0.000000 0.999649 0.000000 0.026503 1.000000 1.000000 1.000000
4965.382812 0.000000 2625.553955 0.000000 0.477639 0.000000 -0.878556 1.000000 1.000000 1.000000
4891.218750 0.000000 2683.600586 0.000000 0.781021 0.000000 0.624504 1.000000 1.000000 1.000000
4885.172852 0.000000 2640.040527 0.000000 0.926815 0.000000 -0.375518 1.000000 1.000000 1.000000
4990.324707 0.000000 2664.407471 0.000000 0.551471 0.000000 0.834194 1.000000 1.000000 1.000000
4985.272949 0.000000 2651.317627 0.000000 0.989796 0.000000 0.142495 1.000000 1.000000 1.000000
4949.165039 0.000000 2640.040527 0.000000 0.890732 0.000000 0.454528 1.000000 1.000000 1.000000
4975.357910 0.000000 2664.637939 0.000000 0.950201 0.000000 0.311637 1.000000 1.000000 1.000000
4981.228027 0.000000 2668.368408 0.000000 0.990683 0.000000 -0.136191 1.000000 1.000000 1.000000
4988.738770 0.000000 2669.832275 0.000000 0.999962 0.000000 -0.008747 1.000000 1.000000 1.000000
4944.875488 0.000000 2639.522217 0.000000 0.928450 0.000000 0.371456 1.000000 1.000000 1.000000
4986.376953 0.000000 2662.358643 0.000000 0.993837 0.000000 -0.110853 1.000000 1.000000 1.000000
4967.897949 0.000000 2644.531250 0.000000 0.948833 0.000000 0.315780 1.000000 1.000000 1.000000
5006.463379 0.000000 2584.416016 0.000000 0.568304 0.000000 -0.822819 1.000000 1.000000 1.000000
5005.184082 0.000000 2570.587891 0.000000 0.964723 0.000000 0.263267 1.000000 1.000000 1.000000
5007.166992 0.000000 2579.625977 0.000000 0.938931 0.000000 0.344105 1.000000 1.000000 1.000000
5005.844727 0.000000 2575.168457 0.000000 0.793970 0.000000 -0.607957 1.000000 1.000000 1.000000
4995.653809 0.000000 2569.483887 0.000000 0.744634 0.000000 0.667473 1.000000 1.000000 1.000000
4991.594238 0.000000 2671.437256 0.000000 0.121641 0.000000 -0.992574 1.000000 1.000000 1.000000
5164.683594 0.000000 2659.073730 0.000000 0.357263 0.000000 -0.934004 1.000000 1.000000 1.000000
5166.379883 0.000000 2661.673340 0.000000 0.052242 0.000000 -0.998634 1.000000 1.000000 1.000000
5173.877930 0.000000 2661.052979 0.000000 0.431228 0.000000 0.902243 1.000000 1.000000 1.000000
5221.351562 0.000000 2705.538330 0.000000 0.985819 0.000000 0.167810 1.000000 1.000000 1.000000
5190.047852 0.000000 2708.258789 0.000000 0.805686 0.000000 0.592343 1.000000 1.000000 1.000000
5222.737305 0.000000 2706.852539 0.000000 0.564808 0.000000 -0.825222 1.000000 1.000000 1.000000
5215.931641 0.000000 2733.694092 0.000000 0.246997 0.000000 -0.969016 1.000000 1.000000 1.000000
5223.479004 0.000000 2761.369629 0.000000 0.075736 0.000000 -0.997128 1.000000 1.000000 1.000000
5214.612305 0.000000 2730.507080 0.000000 0.940844 0.000000 0.338841 1.000000 1.000000 1.000000
5219.998535 0.000000 2753.376221 0.000000 0.900078 0.000000 -0.435729 1.000000 1.000000 1.000000
5223.040039 0.000000 2758.466797 0.000000 0.648689 0.000000 -0.761053 1.000000 1.000000 1.000000
5216.851074 0.000000 2731.348145 0.000000 0.695360 0.000000 0.718661 1.000000 1.000000 1.000000
5217.431152 0.000000 2749.741455 0.000000 0.793795 0.000000 -0.608186 1.000000 1.000000 1.000000
5214.268066 0.000000 2744.519775 0.000000 0.420171 0.000000 -0.907445 1.000000 1.000000 1.000000
5215.722656 0.000000 2747.286133 0.000000 0.944117 0.000000 -0.329610 1.000000 1.000000 1.000000
5218.212402 0.000000 2753.972656 0.000000 0.996800 0.000000 -0.079940 1.000000 1.000000 1.000000
"}
object={
	name="tree_emperorparasol_02_generator_1_1"
	clamp_to_water_level=no
	render_under_water=no
	generated_content=yes
	layer="tree_high_layer"
	pdxmesh="tree_emperorparasol_02_b_mesh"
	count=87
	transform="4923.792480 0.000000 2450.511475 0.000000 0.897323 0.000000 -0.441373 1.000000 1.000000 1.000000
4950.390137 0.000000 2412.900391 0.000000 0.986874 0.000000 0.161494 1.000000 1.000000 1.000000
4976.941406 0.000000 2446.076416 0.000000 0.844304 0.000000 -0.535865 1.000000 1.000000 1.000000
4972.720703 0.000000 2472.217285 0.000000 0.145451 0.000000 -0.989365 1.000000 1.000000 1.000000
4950.168945 0.000000 2410.356689 0.000000 0.002349 0.000000 -0.999997 1.000000 1.000000 1.000000
4964.476074 0.000000 2451.885986 0.000000 0.577942 0.000000 -0.816078 1.000000 1.000000 1.000000
4989.968262 0.000000 2456.527588 0.000000 0.933706 0.000000 0.358040 1.000000 1.000000 1.000000
4864.017090 0.000000 2544.402588 0.000000 0.264707 0.000000 -0.964329 1.000000 1.000000 1.000000
4901.088379 0.000000 2550.637207 0.000000 0.574633 0.000000 -0.818411 1.000000 1.000000 1.000000
4921.280762 0.000000 2491.348877 0.000000 0.507502 0.000000 -0.861651 1.000000 1.000000 1.000000
4922.671875 0.000000 2481.447266 0.000000 0.933656 0.000000 0.358172 1.000000 1.000000 1.000000
4910.726074 0.000000 2546.488770 0.000000 0.169903 0.000000 -0.985461 1.000000 1.000000 1.000000
4889.572266 0.000000 2530.236572 0.000000 0.569930 0.000000 0.821694 1.000000 1.000000 1.000000
4920.444336 0.000000 2486.905518 0.000000 0.360060 0.000000 -0.932929 1.000000 1.000000 1.000000
4907.443359 0.000000 2546.615234 0.000000 0.642439 0.000000 0.766337 1.000000 1.000000 1.000000
4965.080566 0.000000 2550.637207 0.000000 0.700874 0.000000 0.713285 1.000000 1.000000 1.000000
4979.276367 0.000000 2554.233887 0.000000 0.233777 0.000000 0.972290 1.000000 1.000000 1.000000
4940.874512 0.000000 2513.775146 0.000000 0.923903 0.000000 -0.382626 1.000000 1.000000 1.000000
4971.651367 0.000000 2554.710205 0.000000 0.733900 0.000000 -0.679257 1.000000 1.000000 1.000000
4990.875000 0.000000 2494.223633 0.000000 0.069782 0.000000 0.997562 1.000000 1.000000 1.000000
4959.634277 0.000000 2549.338379 0.000000 0.976917 0.000000 -0.213619 1.000000 1.000000 1.000000
4981.101074 0.000000 2479.571045 0.000000 0.983214 0.000000 -0.182456 1.000000 1.000000 1.000000
4952.729004 0.000000 2550.416016 0.000000 0.993005 0.000000 -0.118074 1.000000 1.000000 1.000000
4931.168457 0.000000 2485.506348 0.000000 0.708915 0.000000 -0.705294 1.000000 1.000000 1.000000
4936.941895 0.000000 2512.130615 0.000000 0.998451 0.000000 -0.055644 1.000000 1.000000 1.000000
4927.527832 0.000000 2483.860840 0.000000 0.172463 0.000000 0.985016 1.000000 1.000000 1.000000
4990.111328 0.000000 2497.552246 0.000000 0.982903 0.000000 0.184122 1.000000 1.000000 1.000000
4991.189453 0.000000 2496.089844 0.000000 0.303855 0.000000 0.952718 1.000000 1.000000 1.000000
5021.027832 0.000000 2468.135498 0.000000 0.172712 0.000000 0.984972 1.000000 1.000000 1.000000
5038.687012 0.000000 2516.347656 0.000000 0.869567 0.000000 -0.493815 1.000000 1.000000 1.000000
5012.420898 0.000000 2491.200195 0.000000 0.917078 0.000000 -0.398709 1.000000 1.000000 1.000000
5056.517578 0.000000 2526.123291 0.000000 0.366626 0.000000 0.930368 1.000000 1.000000 1.000000
4235.287109 0.000000 2864.503174 0.000000 0.420131 0.000000 0.907464 1.000000 1.000000 1.000000
4478.193848 0.000000 2746.145996 0.000000 0.541256 0.000000 -0.840858 1.000000 1.000000 1.000000
4462.866211 0.000000 2827.202148 0.000000 0.904872 0.000000 0.425685 1.000000 1.000000 1.000000
4544.514648 0.000000 2754.893066 0.000000 0.832018 0.000000 -0.554748 1.000000 1.000000 1.000000
4570.623535 0.000000 2795.497314 0.000000 0.996769 0.000000 0.080325 1.000000 1.000000 1.000000
4577.045410 0.000000 2787.645508 0.000000 0.290087 0.000000 -0.957000 1.000000 1.000000 1.000000
4579.374512 0.000000 2791.485107 0.000000 0.907396 0.000000 0.420278 1.000000 1.000000 1.000000
4547.701172 0.000000 2752.007080 0.000000 0.700807 0.000000 0.713351 1.000000 1.000000 1.000000
4574.051758 0.000000 2772.658447 0.000000 0.420091 0.000000 -0.907482 1.000000 1.000000 1.000000
4542.949707 0.000000 2875.494141 0.000000 0.992525 0.000000 -0.122043 1.000000 1.000000 1.000000
4526.870117 0.000000 2863.465332 0.000000 0.985822 0.000000 0.167794 1.000000 1.000000 1.000000
4531.723633 0.000000 2871.708984 0.000000 0.591817 0.000000 0.806072 1.000000 1.000000 1.000000
4541.541992 0.000000 2877.472656 0.000000 0.237623 0.000000 -0.971358 1.000000 1.000000 1.000000
4556.692383 0.000000 2856.926758 0.000000 0.874086 0.000000 0.485772 1.000000 1.000000 1.000000
4546.722168 0.000000 2846.314941 0.000000 0.765962 0.000000 0.642886 1.000000 1.000000 1.000000
4566.653320 0.000000 2807.177979 0.000000 0.825796 0.000000 -0.563970 1.000000 1.000000 1.000000
4569.906738 0.000000 2807.653076 0.000000 0.422193 0.000000 -0.906506 1.000000 1.000000 1.000000
4556.486328 0.000000 2859.865723 0.000000 0.828525 0.000000 -0.559951 1.000000 1.000000 1.000000
4558.811035 0.000000 2818.006104 0.000000 0.957679 0.000000 -0.287838 1.000000 1.000000 1.000000
4553.379883 0.000000 2828.087891 0.000000 0.135163 0.000000 0.990823 1.000000 1.000000 1.000000
4557.304688 0.000000 2855.721680 0.000000 0.054259 0.000000 0.998527 1.000000 1.000000 1.000000
4553.199707 0.000000 2830.694336 0.000000 0.945632 0.000000 0.325238 1.000000 1.000000 1.000000
4510.520508 0.000000 2887.117432 0.000000 0.072195 0.000000 0.997391 1.000000 1.000000 1.000000
4857.348145 0.000000 2592.438232 0.000000 0.535907 0.000000 0.844277 1.000000 1.000000 1.000000
4831.649902 0.000000 2629.322754 0.000000 0.082581 0.000000 -0.996584 1.000000 1.000000 1.000000
4855.539062 0.000000 2596.538086 0.000000 0.669051 0.000000 -0.743217 1.000000 1.000000 1.000000
4833.241699 0.000000 2632.154785 0.000000 0.972345 0.000000 -0.233549 1.000000 1.000000 1.000000
4824.828613 0.000000 2717.331543 0.000000 0.021062 0.000000 -0.999778 1.000000 1.000000 1.000000
4828.091309 0.000000 2719.550049 0.000000 0.919775 0.000000 0.392447 1.000000 1.000000 1.000000
4857.288574 0.000000 2731.302002 0.000000 0.914557 0.000000 -0.404458 1.000000 1.000000 1.000000
4821.180664 0.000000 2720.024902 0.000000 0.608843 0.000000 -0.793291 1.000000 1.000000 1.000000
4854.033691 0.000000 2728.815918 0.000000 0.358921 0.000000 0.933368 1.000000 1.000000 1.000000
4891.218750 0.000000 2603.616211 0.000000 0.441514 0.000000 0.897254 1.000000 1.000000 1.000000
4874.430176 0.000000 2578.577393 0.000000 0.973655 0.000000 0.228024 1.000000 1.000000 1.000000
4885.384277 0.000000 2636.908936 0.000000 0.362030 0.000000 -0.932167 1.000000 1.000000 1.000000
4957.988770 0.000000 2615.837891 0.000000 0.992146 0.000000 -0.125087 1.000000 1.000000 1.000000
4951.958496 0.000000 2568.264893 0.000000 0.447865 0.000000 -0.894101 1.000000 1.000000 1.000000
4946.328613 0.000000 2600.947754 0.000000 0.958168 0.000000 0.286206 1.000000 1.000000 1.000000
4953.676270 0.000000 2615.402832 0.000000 0.943028 0.000000 -0.332713 1.000000 1.000000 1.000000
4983.203613 0.000000 2562.627930 0.000000 0.983906 0.000000 -0.178689 1.000000 1.000000 1.000000
4954.989258 0.000000 2566.476807 0.000000 0.190370 0.000000 0.981713 1.000000 1.000000 1.000000
4964.250977 0.000000 2633.316162 0.000000 0.820249 0.000000 -0.572006 1.000000 1.000000 1.000000
4958.465820 0.000000 2647.164307 0.000000 0.267404 0.000000 0.963584 1.000000 1.000000 1.000000
4953.031250 0.000000 2643.447266 0.000000 0.268391 0.000000 0.963310 1.000000 1.000000 1.000000
4980.430664 0.000000 2651.412109 0.000000 0.106678 0.000000 0.994294 1.000000 1.000000 1.000000
4989.692383 0.000000 2673.718750 0.000000 0.254532 0.000000 -0.967064 1.000000 1.000000 1.000000
4977.671875 0.000000 2667.519287 0.000000 0.542987 0.000000 0.839741 1.000000 1.000000 1.000000
4953.101074 0.000000 2640.386719 0.000000 0.993966 0.000000 -0.109688 1.000000 1.000000 1.000000
4998.015625 0.000000 2573.003662 0.000000 0.828943 0.000000 -0.559334 1.000000 1.000000 1.000000
5002.414551 0.000000 2578.577393 0.000000 0.019992 0.000000 -0.999800 1.000000 1.000000 1.000000
5172.081543 0.000000 2660.223877 0.000000 0.070205 0.000000 -0.997533 1.000000 1.000000 1.000000
5163.282227 0.000000 2660.512695 0.000000 0.994742 0.000000 -0.102413 1.000000 1.000000 1.000000
5190.400879 0.000000 2709.878418 0.000000 0.727987 0.000000 0.685591 1.000000 1.000000 1.000000
5213.510742 0.000000 2733.233154 0.000000 0.788173 0.000000 0.615454 1.000000 1.000000 1.000000
5215.237793 0.000000 2732.113281 0.000000 0.871062 0.000000 0.491174 1.000000 1.000000 1.000000
"}
object={
	name="tree_emperorparasol_02_generator_1_2"
	clamp_to_water_level=no
	render_under_water=no
	generated_content=yes
	layer="tree_high_layer"
	pdxmesh="tree_emperorparasol_02_c_mesh"
	count=60
	transform="4859.636230 0.000000 2548.330322 0.000000 0.643561 0.000000 0.765395 1.000000 1.000000 1.000000
4916.520020 0.000000 2459.032227 0.000000 0.913597 0.000000 -0.406622 1.000000 1.000000 1.000000
4917.725586 0.000000 2465.281982 0.000000 0.343342 0.000000 -0.939210 1.000000 1.000000 1.000000
4922.065918 0.000000 2453.598877 0.000000 0.892522 0.000000 -0.451004 1.000000 1.000000 1.000000
4927.309570 0.000000 2446.906982 0.000000 0.649212 0.000000 0.760608 1.000000 1.000000 1.000000
4978.376953 0.000000 2448.827148 0.000000 0.306084 0.000000 0.952004 1.000000 1.000000 1.000000
4933.656250 0.000000 2421.835693 0.000000 0.266937 0.000000 0.963714 1.000000 1.000000 1.000000
4967.506836 0.000000 2448.509521 0.000000 0.982842 0.000000 0.184451 1.000000 1.000000 1.000000
4930.870117 0.000000 2421.434326 0.000000 0.976812 0.000000 -0.214097 1.000000 1.000000 1.000000
4907.250488 0.000000 2549.849854 0.000000 0.996010 0.000000 0.089240 1.000000 1.000000 1.000000
4942.471191 0.000000 2504.431641 0.000000 0.110226 0.000000 0.993907 1.000000 1.000000 1.000000
4935.626465 0.000000 2485.955811 0.000000 0.758658 0.000000 0.651489 1.000000 1.000000 1.000000
4955.144531 0.000000 2508.037598 0.000000 0.959547 0.000000 -0.281549 1.000000 1.000000 1.000000
4962.193359 0.000000 2555.242676 0.000000 0.294594 0.000000 -0.955623 1.000000 1.000000 1.000000
5022.173340 0.000000 2457.693359 0.000000 0.989153 0.000000 0.146888 1.000000 1.000000 1.000000
5021.980957 0.000000 2535.853516 0.000000 0.543973 0.000000 0.839103 1.000000 1.000000 1.000000
5040.945312 0.000000 2517.128174 0.000000 0.946689 0.000000 0.322148 1.000000 1.000000 1.000000
4995.889648 0.000000 2482.303467 0.000000 0.856228 0.000000 0.516598 1.000000 1.000000 1.000000
5056.699219 0.000000 2528.378906 0.000000 0.537249 0.000000 0.843424 1.000000 1.000000 1.000000
4479.383301 0.000000 2747.601318 0.000000 0.981723 0.000000 -0.190313 1.000000 1.000000 1.000000
4465.106934 0.000000 2793.445068 0.000000 0.781655 0.000000 -0.623711 1.000000 1.000000 1.000000
4465.586426 0.000000 2791.189697 0.000000 0.719980 0.000000 0.693995 1.000000 1.000000 1.000000
4460.962891 0.000000 2826.830811 0.000000 0.725709 0.000000 0.688002 1.000000 1.000000 1.000000
4435.610840 0.000000 2836.331299 0.000000 0.126614 0.000000 0.991952 1.000000 1.000000 1.000000
4460.293945 0.000000 2827.922363 0.000000 0.763811 0.000000 0.645441 1.000000 1.000000 1.000000
4577.279785 0.000000 2785.491699 0.000000 0.929877 0.000000 -0.367869 1.000000 1.000000 1.000000
4547.640625 0.000000 2753.529053 0.000000 0.976521 0.000000 0.215423 1.000000 1.000000 1.000000
4485.812012 0.000000 2851.114014 0.000000 0.424483 0.000000 -0.905436 1.000000 1.000000 1.000000
4530.816895 0.000000 2869.286377 0.000000 0.464412 0.000000 0.885619 1.000000 1.000000 1.000000
4485.520996 0.000000 2848.803955 0.000000 0.879623 0.000000 0.475671 1.000000 1.000000 1.000000
4528.343262 0.000000 2864.869385 0.000000 0.951270 0.000000 0.308360 1.000000 1.000000 1.000000
4556.564941 0.000000 2861.706055 0.000000 0.097142 0.000000 0.995271 1.000000 1.000000 1.000000
4561.839844 0.000000 2843.833496 0.000000 0.727796 0.000000 -0.685794 1.000000 1.000000 1.000000
4558.048340 0.000000 2821.142334 0.000000 0.999968 0.000000 -0.008004 1.000000 1.000000 1.000000
4584.861328 0.000000 2802.842041 0.000000 0.161144 0.000000 -0.986931 1.000000 1.000000 1.000000
4541.822266 0.000000 2880.321777 0.000000 0.811166 0.000000 -0.584815 1.000000 1.000000 1.000000
4508.398438 0.000000 2888.953613 0.000000 0.881049 0.000000 0.473025 1.000000 1.000000 1.000000
4852.215332 0.000000 2599.830078 0.000000 0.529446 0.000000 -0.848344 1.000000 1.000000 1.000000
4858.808594 0.000000 2595.377441 0.000000 0.828860 0.000000 -0.559456 1.000000 1.000000 1.000000
4835.978027 0.000000 2586.103516 0.000000 0.150937 0.000000 -0.988543 1.000000 1.000000 1.000000
4863.618164 0.000000 2610.507812 0.000000 0.913113 0.000000 -0.407706 1.000000 1.000000 1.000000
4863.943848 0.000000 2598.476807 0.000000 0.429845 0.000000 0.902903 1.000000 1.000000 1.000000
4940.874512 0.000000 2593.759521 0.000000 0.038510 0.000000 0.999258 1.000000 1.000000 1.000000
4981.101074 0.000000 2559.555420 0.000000 0.646780 0.000000 0.762677 1.000000 1.000000 1.000000
4951.363281 0.000000 2626.858154 0.000000 0.127622 0.000000 0.991823 1.000000 1.000000 1.000000
4955.344727 0.000000 2600.081299 0.000000 0.055204 0.000000 0.998475 1.000000 1.000000 1.000000
4891.352539 0.000000 2680.065674 0.000000 0.525363 0.000000 -0.850878 1.000000 1.000000 1.000000
4976.621094 0.000000 2671.218018 0.000000 0.996097 0.000000 0.088266 1.000000 1.000000 1.000000
4988.698730 0.000000 2677.964844 0.000000 0.923192 0.000000 0.384339 1.000000 1.000000 1.000000
4979.262695 0.000000 2676.660156 0.000000 0.331506 0.000000 -0.943453 1.000000 1.000000 1.000000
4974.694824 0.000000 2676.316406 0.000000 0.571410 0.000000 -0.820665 1.000000 1.000000 1.000000
4965.396484 0.000000 2641.543945 0.000000 0.730439 0.000000 0.682978 1.000000 1.000000 1.000000
4946.628906 0.000000 2642.347412 0.000000 0.274908 0.000000 -0.961470 1.000000 1.000000 1.000000
4978.655273 0.000000 2664.459473 0.000000 0.088036 0.000000 -0.996117 1.000000 1.000000 1.000000
5004.146484 0.000000 2581.644287 0.000000 0.974507 0.000000 0.224357 1.000000 1.000000 1.000000
4992.879883 0.000000 2572.070068 0.000000 0.510512 0.000000 -0.859871 1.000000 1.000000 1.000000
5167.609375 0.000000 2656.503174 0.000000 0.493443 0.000000 -0.869778 1.000000 1.000000 1.000000
5162.965820 0.000000 2658.235352 0.000000 0.983633 0.000000 -0.180184 1.000000 1.000000 1.000000
5220.196289 0.000000 2706.297607 0.000000 0.151691 0.000000 0.988428 1.000000 1.000000 1.000000
5219.437500 0.000000 2750.303223 0.000000 0.857375 0.000000 0.514692 1.000000 1.000000 1.000000
"}
