object={
	name="tree_birch_yellow_generator_1_0"
	clamp_to_water_level=no
	render_under_water=no
	generated_content=yes
	layer="tree_high_layer"
	pdxmesh="tree_birch_yellow_01_a_mesh"
	count=103
	transform="2157.265869 0.000000 2628.285400 0.000000 0.705389 0.000000 -0.708821 1.000000 1.000000 1.000000
2279.573730 0.000000 2598.814209 0.000000 0.735013 0.000000 -0.678052 1.000000 1.000000 1.000000
2273.394043 0.000000 2600.243652 0.000000 0.114418 0.000000 0.993433 1.000000 1.000000 1.000000
2281.085449 0.000000 2602.898682 0.000000 0.886660 0.000000 0.462421 1.000000 1.000000 1.000000
2264.245850 0.000000 2584.688965 0.000000 0.322001 0.000000 -0.946739 1.000000 1.000000 1.000000
2272.671387 0.000000 2597.292725 0.000000 0.178185 0.000000 -0.983997 1.000000 1.000000 1.000000
2282.143799 0.000000 2596.708984 0.000000 0.108510 0.000000 -0.994095 1.000000 1.000000 1.000000
2258.563721 0.000000 2584.265869 0.000000 0.082407 0.000000 -0.996599 1.000000 1.000000 1.000000
2261.971680 0.000000 2582.576660 0.000000 0.859751 0.000000 0.510714 1.000000 1.000000 1.000000
2270.764648 0.000000 2597.096191 0.000000 0.481515 0.000000 -0.876438 1.000000 1.000000 1.000000
2280.212891 0.000000 2597.205322 0.000000 0.645238 0.000000 -0.763982 1.000000 1.000000 1.000000
2263.683838 0.000000 2583.096191 0.000000 0.906826 0.000000 0.421505 1.000000 1.000000 1.000000
2205.360107 0.000000 2642.773438 0.000000 0.969440 0.000000 -0.245330 1.000000 1.000000 1.000000
2191.516602 0.000000 2660.257813 0.000000 0.305705 0.000000 0.952126 1.000000 1.000000 1.000000
2184.171875 0.000000 2663.284912 0.000000 0.975529 0.000000 -0.219873 1.000000 1.000000 1.000000
2213.323730 0.000000 2637.091797 0.000000 0.699261 0.000000 0.714866 1.000000 1.000000 1.000000
2209.617432 0.000000 2641.394043 0.000000 0.997617 0.000000 -0.068997 1.000000 1.000000 1.000000
2211.885986 0.000000 2642.717041 0.000000 0.774394 0.000000 0.632704 1.000000 1.000000 1.000000
2189.302979 0.000000 2662.310547 0.000000 0.978031 0.000000 -0.208460 1.000000 1.000000 1.000000
2186.339844 0.000000 2663.133789 0.000000 0.959007 0.000000 -0.283381 1.000000 1.000000 1.000000
2162.104004 0.000000 2747.736328 0.000000 0.854492 0.000000 -0.519465 1.000000 1.000000 1.000000
2159.450439 0.000000 2749.544922 0.000000 0.873601 0.000000 -0.486642 1.000000 1.000000 1.000000
2164.453125 0.000000 2747.425293 0.000000 0.524553 0.000000 0.851377 1.000000 1.000000 1.000000
2163.680176 0.000000 2746.420898 0.000000 0.988611 0.000000 -0.150493 1.000000 1.000000 1.000000
2163.323486 0.000000 2748.094971 0.000000 0.477119 0.000000 -0.878839 1.000000 1.000000 1.000000
2164.644043 0.000000 2748.779053 0.000000 0.973267 0.000000 -0.229679 1.000000 1.000000 1.000000
2161.122070 0.000000 2748.506348 0.000000 0.119926 0.000000 -0.992783 1.000000 1.000000 1.000000
2162.598145 0.000000 2750.103027 0.000000 0.998480 0.000000 -0.055118 1.000000 1.000000 1.000000
2160.213135 0.000000 2748.873047 0.000000 0.482470 0.000000 -0.875912 1.000000 1.000000 1.000000
2156.058105 0.000000 2751.480957 0.000000 0.999905 0.000000 -0.013795 1.000000 1.000000 1.000000
2161.430176 0.000000 2751.987549 0.000000 0.730159 0.000000 -0.683277 1.000000 1.000000 1.000000
2158.551025 0.000000 2751.393799 0.000000 0.748780 0.000000 -0.662819 1.000000 1.000000 1.000000
2218.796387 0.000000 2728.603271 0.000000 0.577137 0.000000 -0.816647 1.000000 1.000000 1.000000
2294.779785 0.000000 2688.095947 0.000000 0.801968 0.000000 0.597368 1.000000 1.000000 1.000000
2292.610596 0.000000 2694.646973 0.000000 0.959770 0.000000 -0.280787 1.000000 1.000000 1.000000
2257.103027 0.000000 2744.659912 0.000000 0.664096 0.000000 0.747647 1.000000 1.000000 1.000000
2296.233643 0.000000 2695.537109 0.000000 0.076092 0.000000 -0.997101 1.000000 1.000000 1.000000
2298.706787 0.000000 2697.896973 0.000000 0.009356 0.000000 -0.999956 1.000000 1.000000 1.000000
2292.331299 0.000000 2700.623291 0.000000 0.773085 0.000000 -0.634302 1.000000 1.000000 1.000000
2259.851074 0.000000 2743.809570 0.000000 0.635259 0.000000 -0.772299 1.000000 1.000000 1.000000
2298.149414 0.000000 2691.640869 0.000000 0.212336 0.000000 0.977197 1.000000 1.000000 1.000000
2294.059814 0.000000 2696.365967 0.000000 0.349720 0.000000 0.936854 1.000000 1.000000 1.000000
2297.253662 0.000000 2693.669922 0.000000 0.702118 0.000000 -0.712061 1.000000 1.000000 1.000000
2300.062256 0.000000 2690.102539 0.000000 0.931610 0.000000 -0.363459 1.000000 1.000000 1.000000
2299.902832 0.000000 2692.055176 0.000000 0.747729 0.000000 0.664004 1.000000 1.000000 1.000000
2293.133545 0.000000 2688.673828 0.000000 0.885438 0.000000 0.464758 1.000000 1.000000 1.000000
2258.709473 0.000000 2745.113281 0.000000 0.736059 0.000000 -0.676917 1.000000 1.000000 1.000000
2301.812256 0.000000 2693.020264 0.000000 0.974519 0.000000 -0.224305 1.000000 1.000000 1.000000
2296.916260 0.000000 2692.342773 0.000000 0.522904 0.000000 0.852392 1.000000 1.000000 1.000000
2298.308594 0.000000 2694.162842 0.000000 0.544143 0.000000 -0.838993 1.000000 1.000000 1.000000
2300.546143 0.000000 2691.116211 0.000000 0.263167 0.000000 0.964750 1.000000 1.000000 1.000000
2225.493164 0.000000 2764.809814 0.000000 0.722741 0.000000 -0.691119 1.000000 1.000000 1.000000
2222.823486 0.000000 2765.962891 0.000000 0.780786 0.000000 0.624799 1.000000 1.000000 1.000000
2234.597900 0.000000 2771.672363 0.000000 0.932668 0.000000 -0.360736 1.000000 1.000000 1.000000
2235.123779 0.000000 2767.066650 0.000000 0.130224 0.000000 -0.991485 1.000000 1.000000 1.000000
2227.636963 0.000000 2767.856934 0.000000 0.961404 0.000000 -0.275140 1.000000 1.000000 1.000000
2230.603516 0.000000 2758.392090 0.000000 0.323587 0.000000 0.946198 1.000000 1.000000 1.000000
2226.843994 0.000000 2766.118408 0.000000 0.092565 0.000000 0.995707 1.000000 1.000000 1.000000
2232.885986 0.000000 2771.250244 0.000000 0.694916 0.000000 -0.719091 1.000000 1.000000 1.000000
2237.991211 0.000000 2773.804443 0.000000 0.281809 0.000000 -0.959471 1.000000 1.000000 1.000000
2224.225342 0.000000 2758.663330 0.000000 0.961757 0.000000 -0.273906 1.000000 1.000000 1.000000
2229.323975 0.000000 2763.503174 0.000000 0.438461 0.000000 -0.898750 1.000000 1.000000 1.000000
2234.861816 0.000000 2770.116943 0.000000 0.306804 0.000000 0.951773 1.000000 1.000000 1.000000
2231.412598 0.000000 2763.605225 0.000000 0.129828 0.000000 -0.991537 1.000000 1.000000 1.000000
2232.811523 0.000000 2764.368408 0.000000 0.286181 0.000000 0.958176 1.000000 1.000000 1.000000
2237.505859 0.000000 2770.819824 0.000000 0.649349 0.000000 -0.760491 1.000000 1.000000 1.000000
2226.957275 0.000000 2764.758057 0.000000 0.141958 0.000000 -0.989873 1.000000 1.000000 1.000000
2226.974121 0.000000 2760.207275 0.000000 0.294452 0.000000 0.955666 1.000000 1.000000 1.000000
2232.586914 0.000000 2765.846191 0.000000 0.216409 0.000000 0.976303 1.000000 1.000000 1.000000
2229.633545 0.000000 2761.538330 0.000000 0.961489 0.000000 -0.274845 1.000000 1.000000 1.000000
2234.912109 0.000000 2768.675293 0.000000 0.848113 0.000000 -0.529815 1.000000 1.000000 1.000000
2231.687500 0.000000 2762.483643 0.000000 0.957348 0.000000 0.288937 1.000000 1.000000 1.000000
2230.344482 0.000000 2763.696777 0.000000 0.984723 0.000000 0.174127 1.000000 1.000000 1.000000
2242.489014 0.000000 2780.870361 0.000000 0.352814 0.000000 -0.935694 1.000000 1.000000 1.000000
2284.360107 0.000000 2763.986572 0.000000 0.332278 0.000000 -0.943182 1.000000 1.000000 1.000000
2242.071289 0.000000 2771.906494 0.000000 0.125796 0.000000 0.992056 1.000000 1.000000 1.000000
2287.196533 0.000000 2763.103027 0.000000 0.805582 0.000000 0.592484 1.000000 1.000000 1.000000
2282.320801 0.000000 2761.987061 0.000000 0.952883 0.000000 0.303337 1.000000 1.000000 1.000000
2280.300537 0.000000 2761.300049 0.000000 0.762911 0.000000 -0.646504 1.000000 1.000000 1.000000
2323.357422 0.000000 2632.383057 0.000000 0.952868 0.000000 0.303384 1.000000 1.000000 1.000000
2321.248535 0.000000 2623.365234 0.000000 0.020961 0.000000 -0.999780 1.000000 1.000000 1.000000
2322.459229 0.000000 2629.402344 0.000000 0.281459 0.000000 0.959573 1.000000 1.000000 1.000000
2321.050537 0.000000 2633.648926 0.000000 0.897183 0.000000 0.441660 1.000000 1.000000 1.000000
2322.125977 0.000000 2625.521240 0.000000 0.958597 0.000000 0.284766 1.000000 1.000000 1.000000
2322.932617 0.000000 2634.642822 0.000000 0.861214 0.000000 -0.508242 1.000000 1.000000 1.000000
2325.775391 0.000000 2627.706299 0.000000 0.596821 0.000000 0.802374 1.000000 1.000000 1.000000
2323.614502 0.000000 2628.384277 0.000000 0.333012 0.000000 -0.942923 1.000000 1.000000 1.000000
2322.478516 0.000000 2630.669189 0.000000 0.507672 0.000000 -0.861550 1.000000 1.000000 1.000000
2306.036133 0.000000 2696.805664 0.000000 0.927128 0.000000 0.374746 1.000000 1.000000 1.000000
2304.250488 0.000000 2687.493652 0.000000 0.999350 0.000000 0.036052 1.000000 1.000000 1.000000
2347.427979 0.000000 2706.020752 0.000000 0.791534 0.000000 0.611125 1.000000 1.000000 1.000000
2349.564941 0.000000 2707.902344 0.000000 0.924946 0.000000 0.380098 1.000000 1.000000 1.000000
2349.076660 0.000000 2710.613770 0.000000 0.793404 0.000000 0.608695 1.000000 1.000000 1.000000
2350.356934 0.000000 2709.491211 0.000000 0.660523 0.000000 0.750806 1.000000 1.000000 1.000000
2342.614014 0.000000 2716.827881 0.000000 0.942190 0.000000 0.335079 1.000000 1.000000 1.000000
2351.121094 0.000000 2708.009277 0.000000 0.994099 0.000000 0.108477 1.000000 1.000000 1.000000
2346.010742 0.000000 2705.368408 0.000000 0.589990 0.000000 0.807411 1.000000 1.000000 1.000000
2350.633301 0.000000 2706.581543 0.000000 0.564576 0.000000 0.825381 1.000000 1.000000 1.000000
2346.349121 0.000000 2707.778809 0.000000 0.718664 0.000000 -0.695358 1.000000 1.000000 1.000000
2356.181152 0.000000 2706.466553 0.000000 0.983130 0.000000 0.182906 1.000000 1.000000 1.000000
2353.396729 0.000000 2706.167969 0.000000 0.636296 0.000000 -0.771445 1.000000 1.000000 1.000000
2354.863770 0.000000 2709.754395 0.000000 0.689636 0.000000 -0.724157 1.000000 1.000000 1.000000
2354.140381 0.000000 2707.049072 0.000000 0.071628 0.000000 0.997431 1.000000 1.000000 1.000000
"}
object={
	name="tree_birch_yellow_generator_1_1"
	clamp_to_water_level=no
	render_under_water=no
	generated_content=yes
	layer="tree_high_layer"
	pdxmesh="tree_birch_yellow_01_b_mesh"
	count=112
	transform="2154.727295 0.000000 2631.305908 0.000000 0.947257 0.000000 0.320473 1.000000 1.000000 1.000000
2152.410645 0.000000 2628.648682 0.000000 0.810208 0.000000 0.586142 1.000000 1.000000 1.000000
2264.741699 0.000000 2581.707275 0.000000 0.508410 0.000000 -0.861115 1.000000 1.000000 1.000000
2270.442383 0.000000 2595.183838 0.000000 0.276727 0.000000 -0.960949 1.000000 1.000000 1.000000
2261.229004 0.000000 2585.639160 0.000000 0.951802 0.000000 0.306714 1.000000 1.000000 1.000000
2283.528320 0.000000 2599.453613 0.000000 0.238787 0.000000 0.971072 1.000000 1.000000 1.000000
2281.425537 0.000000 2598.436279 0.000000 0.940585 0.000000 -0.339559 1.000000 1.000000 1.000000
2278.994385 0.000000 2597.156982 0.000000 0.293753 0.000000 0.955881 1.000000 1.000000 1.000000
2209.523438 0.000000 2644.271240 0.000000 0.894929 0.000000 0.446209 1.000000 1.000000 1.000000
2211.257080 0.000000 2634.504150 0.000000 0.810234 0.000000 -0.586106 1.000000 1.000000 1.000000
2212.023193 0.000000 2639.909424 0.000000 0.993644 0.000000 0.112566 1.000000 1.000000 1.000000
2187.334717 0.000000 2664.940186 0.000000 0.079612 0.000000 0.996826 1.000000 1.000000 1.000000
2181.002930 0.000000 2665.033691 0.000000 0.878936 0.000000 0.476939 1.000000 1.000000 1.000000
2178.542480 0.000000 2663.301514 0.000000 0.983581 0.000000 -0.180468 1.000000 1.000000 1.000000
2185.231934 0.000000 2665.102295 0.000000 0.744248 0.000000 -0.667903 1.000000 1.000000 1.000000
2211.263672 0.000000 2641.264160 0.000000 0.993302 0.000000 0.115550 1.000000 1.000000 1.000000
2295.485107 0.000000 2686.088379 0.000000 0.681790 0.000000 0.731548 1.000000 1.000000 1.000000
2295.754639 0.000000 2687.326416 0.000000 0.459926 0.000000 -0.887957 1.000000 1.000000 1.000000
2294.356445 0.000000 2686.553711 0.000000 0.675445 0.000000 -0.737410 1.000000 1.000000 1.000000
2156.283203 0.000000 2750.109131 0.000000 0.519818 0.000000 -0.854277 1.000000 1.000000 1.000000
2163.547363 0.000000 2749.376953 0.000000 0.110608 0.000000 0.993864 1.000000 1.000000 1.000000
2161.358154 0.000000 2749.705078 0.000000 0.208851 0.000000 0.977947 1.000000 1.000000 1.000000
2163.802490 0.000000 2750.752686 0.000000 0.705820 0.000000 -0.708391 1.000000 1.000000 1.000000
2167.129639 0.000000 2748.845459 0.000000 0.963144 0.000000 -0.268985 1.000000 1.000000 1.000000
2162.390137 0.000000 2748.988037 0.000000 0.588341 0.000000 0.808613 1.000000 1.000000 1.000000
2161.057617 0.000000 2750.836182 0.000000 0.962419 0.000000 0.271569 1.000000 1.000000 1.000000
2164.734619 0.000000 2749.932129 0.000000 0.663422 0.000000 -0.748245 1.000000 1.000000 1.000000
2160.241211 0.000000 2750.189697 0.000000 0.981929 0.000000 -0.189248 1.000000 1.000000 1.000000
2169.088867 0.000000 2751.398682 0.000000 0.583281 0.000000 0.812271 1.000000 1.000000 1.000000
2160.969727 0.000000 2753.934082 0.000000 0.942936 0.000000 -0.332975 1.000000 1.000000 1.000000
2157.461426 0.000000 2752.558105 0.000000 0.999947 0.000000 -0.010339 1.000000 1.000000 1.000000
2160.091064 0.000000 2751.358398 0.000000 0.893919 0.000000 -0.448229 1.000000 1.000000 1.000000
2165.528809 0.000000 2751.381836 0.000000 0.985380 0.000000 0.170373 1.000000 1.000000 1.000000
2221.623535 0.000000 2730.644287 0.000000 0.110666 0.000000 0.993858 1.000000 1.000000 1.000000
2219.536133 0.000000 2727.422363 0.000000 0.367118 0.000000 -0.930174 1.000000 1.000000 1.000000
2221.804688 0.000000 2728.230713 0.000000 0.448663 0.000000 -0.893701 1.000000 1.000000 1.000000
2219.380859 0.000000 2729.941895 0.000000 0.561580 0.000000 0.827422 1.000000 1.000000 1.000000
2221.322754 0.000000 2726.033447 0.000000 0.983850 0.000000 0.178996 1.000000 1.000000 1.000000
2220.797363 0.000000 2729.326904 0.000000 0.959125 0.000000 -0.282984 1.000000 1.000000 1.000000
2299.390869 0.000000 2693.721191 0.000000 0.329861 0.000000 -0.944029 1.000000 1.000000 1.000000
2294.422607 0.000000 2698.607666 0.000000 0.787525 0.000000 0.616283 1.000000 1.000000 1.000000
2295.631348 0.000000 2691.897949 0.000000 0.336757 0.000000 0.941591 1.000000 1.000000 1.000000
2301.605713 0.000000 2691.500732 0.000000 0.957604 0.000000 0.288088 1.000000 1.000000 1.000000
2258.329590 0.000000 2746.739746 0.000000 0.508365 0.000000 0.861142 1.000000 1.000000 1.000000
2294.595703 0.000000 2694.407715 0.000000 0.925350 0.000000 -0.379114 1.000000 1.000000 1.000000
2295.772949 0.000000 2689.904297 0.000000 0.799049 0.000000 -0.601266 1.000000 1.000000 1.000000
2298.171631 0.000000 2695.342285 0.000000 0.839384 0.000000 0.543539 1.000000 1.000000 1.000000
2295.686035 0.000000 2697.333008 0.000000 0.904026 0.000000 -0.427478 1.000000 1.000000 1.000000
2259.611816 0.000000 2747.624268 0.000000 0.145228 0.000000 0.989398 1.000000 1.000000 1.000000
2297.204102 0.000000 2690.483154 0.000000 0.586912 0.000000 -0.809651 1.000000 1.000000 1.000000
2301.489014 0.000000 2689.752930 0.000000 0.041975 0.000000 -0.999119 1.000000 1.000000 1.000000
2298.353271 0.000000 2692.918701 0.000000 0.136602 0.000000 -0.990626 1.000000 1.000000 1.000000
2298.803711 0.000000 2690.473389 0.000000 0.712102 0.000000 -0.702076 1.000000 1.000000 1.000000
2300.528564 0.000000 2693.205566 0.000000 0.796393 0.000000 -0.604780 1.000000 1.000000 1.000000
2299.319824 0.000000 2695.004883 0.000000 0.922981 0.000000 0.384846 1.000000 1.000000 1.000000
2225.882568 0.000000 2759.257568 0.000000 0.939459 0.000000 -0.342662 1.000000 1.000000 1.000000
2223.436768 0.000000 2755.233154 0.000000 0.911845 0.000000 0.410535 1.000000 1.000000 1.000000
2231.713135 0.000000 2769.744141 0.000000 0.864464 0.000000 0.502695 1.000000 1.000000 1.000000
2221.598877 0.000000 2754.336914 0.000000 0.713944 0.000000 0.700203 1.000000 1.000000 1.000000
2229.949707 0.000000 2764.795166 0.000000 0.977980 0.000000 -0.208700 1.000000 1.000000 1.000000
2228.449219 0.000000 2766.256348 0.000000 0.941507 0.000000 -0.336994 1.000000 1.000000 1.000000
2233.710693 0.000000 2766.356934 0.000000 0.597553 0.000000 0.801829 1.000000 1.000000 1.000000
2239.199463 0.000000 2777.171631 0.000000 0.087053 0.000000 -0.996204 1.000000 1.000000 1.000000
2239.677979 0.000000 2774.711670 0.000000 0.180041 0.000000 -0.983659 1.000000 1.000000 1.000000
2231.206055 0.000000 2766.409424 0.000000 0.094728 0.000000 -0.995503 1.000000 1.000000 1.000000
2227.220215 0.000000 2758.724365 0.000000 0.089972 0.000000 -0.995944 1.000000 1.000000 1.000000
2235.916260 0.000000 2771.617188 0.000000 0.019000 0.000000 -0.999819 1.000000 1.000000 1.000000
2232.343018 0.000000 2768.572754 0.000000 0.060773 0.000000 0.998152 1.000000 1.000000 1.000000
2236.681396 0.000000 2773.348877 0.000000 0.120939 0.000000 0.992660 1.000000 1.000000 1.000000
2228.122803 0.000000 2763.428711 0.000000 0.998704 0.000000 0.050893 1.000000 1.000000 1.000000
2229.720947 0.000000 2759.190918 0.000000 0.710875 0.000000 0.703319 1.000000 1.000000 1.000000
2230.111084 0.000000 2765.936035 0.000000 0.316070 0.000000 0.948736 1.000000 1.000000 1.000000
2227.451904 0.000000 2762.382080 0.000000 0.369338 0.000000 -0.929295 1.000000 1.000000 1.000000
2227.926270 0.000000 2761.323730 0.000000 0.830259 0.000000 -0.557377 1.000000 1.000000 1.000000
2229.118896 0.000000 2765.439453 0.000000 0.956618 0.000000 -0.291346 1.000000 1.000000 1.000000
2279.961426 0.000000 2763.363037 0.000000 0.762639 0.000000 0.646825 1.000000 1.000000 1.000000
2245.214844 0.000000 2769.650391 0.000000 0.984887 0.000000 0.173197 1.000000 1.000000 1.000000
2239.776367 0.000000 2779.311768 0.000000 0.776456 0.000000 -0.630172 1.000000 1.000000 1.000000
2242.335693 0.000000 2774.628906 0.000000 0.714439 0.000000 0.699697 1.000000 1.000000 1.000000
2240.512207 0.000000 2773.346924 0.000000 0.943468 0.000000 -0.331465 1.000000 1.000000 1.000000
2282.719482 0.000000 2763.583984 0.000000 0.185721 0.000000 0.982603 1.000000 1.000000 1.000000
2285.417236 0.000000 2762.797119 0.000000 0.582291 0.000000 -0.812981 1.000000 1.000000 1.000000
2283.900635 0.000000 2762.454102 0.000000 0.195989 0.000000 -0.980606 1.000000 1.000000 1.000000
2325.293213 0.000000 2623.713379 0.000000 0.435222 0.000000 0.900323 1.000000 1.000000 1.000000
2318.458252 0.000000 2634.524414 0.000000 0.296222 0.000000 -0.955119 1.000000 1.000000 1.000000
2322.178955 0.000000 2627.470947 0.000000 0.946349 0.000000 0.323146 1.000000 1.000000 1.000000
2323.828369 0.000000 2630.637939 0.000000 0.983338 0.000000 -0.181789 1.000000 1.000000 1.000000
2359.090332 0.000000 2707.870117 0.000000 0.912562 0.000000 -0.408937 1.000000 1.000000 1.000000
2344.877441 0.000000 2717.498535 0.000000 0.162940 0.000000 0.986636 1.000000 1.000000 1.000000
2342.205078 0.000000 2708.017334 0.000000 0.992974 0.000000 -0.118334 1.000000 1.000000 1.000000
2354.772705 0.000000 2706.073242 0.000000 0.893544 0.000000 0.448975 1.000000 1.000000 1.000000
2355.931885 0.000000 2709.072998 0.000000 0.485724 0.000000 0.874112 1.000000 1.000000 1.000000
2358.949219 0.000000 2711.125000 0.000000 0.092832 0.000000 -0.995682 1.000000 1.000000 1.000000
2342.690674 0.000000 2705.192627 0.000000 0.327051 0.000000 0.945007 1.000000 1.000000 1.000000
2346.625488 0.000000 2711.960693 0.000000 0.210433 0.000000 -0.977608 1.000000 1.000000 1.000000
2344.896240 0.000000 2707.285889 0.000000 0.512303 0.000000 0.858805 1.000000 1.000000 1.000000
2352.106445 0.000000 2706.661377 0.000000 0.995224 0.000000 0.097619 1.000000 1.000000 1.000000
2353.906738 0.000000 2708.173340 0.000000 0.708155 0.000000 0.706057 1.000000 1.000000 1.000000
2350.909668 0.000000 2711.117432 0.000000 0.705857 0.000000 0.708354 1.000000 1.000000 1.000000
2344.515869 0.000000 2705.436523 0.000000 0.985943 0.000000 0.167082 1.000000 1.000000 1.000000
2344.906982 0.000000 2711.628906 0.000000 0.664607 0.000000 -0.747193 1.000000 1.000000 1.000000
2349.181152 0.000000 2706.151855 0.000000 0.989331 0.000000 -0.145686 1.000000 1.000000 1.000000
2348.415527 0.000000 2704.530029 0.000000 0.522462 0.000000 -0.852663 1.000000 1.000000 1.000000
2347.816895 0.000000 2707.685303 0.000000 0.618550 0.000000 0.785745 1.000000 1.000000 1.000000
2346.881592 0.000000 2704.072266 0.000000 0.868971 0.000000 0.494862 1.000000 1.000000 1.000000
2344.962402 0.000000 2715.842041 0.000000 0.894904 0.000000 -0.446258 1.000000 1.000000 1.000000
2355.359619 0.000000 2707.603271 0.000000 0.756946 0.000000 -0.653478 1.000000 1.000000 1.000000
2348.478516 0.000000 2709.125244 0.000000 0.059652 0.000000 -0.998219 1.000000 1.000000 1.000000
2344.367920 0.000000 2714.342285 0.000000 0.110444 0.000000 0.993882 1.000000 1.000000 1.000000
2353.475830 0.000000 2709.595215 0.000000 0.173004 0.000000 0.984921 1.000000 1.000000 1.000000
2352.582275 0.000000 2708.087402 0.000000 0.823858 0.000000 -0.566796 1.000000 1.000000 1.000000
2353.025635 0.000000 2707.161377 0.000000 0.880200 0.000000 0.474603 1.000000 1.000000 1.000000
"}
