object={
	name="tree_jungle_01_d_generator_1_0"
	clamp_to_water_level=no
	render_under_water=no
	generated_content=yes
	layer="tree_high_layer"
	pdxmesh="tree_jungle_01_d_mesh"
	count=474
	transform="2356.832520 0.000000 2938.938477 0.000000 0.774262 0.000000 -0.632865 0.776944 0.776944 0.776944
2351.038574 0.000000 2946.410645 0.000000 0.627943 0.000000 -0.778259 0.775050 0.775050 0.775050
2358.037842 0.000000 2945.188232 0.000000 0.999753 0.000000 0.022208 0.747047 0.747047 0.747047
2351.576904 0.000000 2940.615479 0.000000 0.612324 0.000000 0.790607 0.719269 0.719269 0.719269
2347.973633 0.000000 2943.049072 0.000000 0.978487 0.000000 0.206306 0.739495 0.739495 0.739495
2354.347900 0.000000 2943.606201 0.000000 0.130239 0.000000 -0.991483 0.793146 0.793146 0.793146
2357.294678 0.000000 2935.637939 0.000000 0.047036 0.000000 0.998893 0.701498 0.701498 0.701498
2351.135986 0.000000 2943.449707 0.000000 0.992770 0.000000 0.120033 0.742565 0.742565 0.742565
2366.111572 0.000000 2937.946777 0.000000 0.835861 0.000000 0.548941 0.683629 0.683629 0.683629
2359.884766 0.000000 2943.188721 0.000000 0.528994 0.000000 -0.848625 1.120006 1.120006 1.120006
2362.296875 0.000000 2941.711670 0.000000 0.604113 0.000000 -0.796899 0.896764 0.896764 0.896764
2364.018311 0.000000 2942.444336 0.000000 0.345082 0.000000 0.938573 0.638208 0.638208 0.638208
2360.064697 0.000000 2945.175537 0.000000 0.766456 0.000000 0.642296 0.654663 0.654663 0.654663
2365.778564 0.000000 2939.499023 0.000000 0.630827 0.000000 0.775924 0.542121 0.542121 0.542121
2358.696777 0.000000 2942.091309 0.000000 0.891959 0.000000 0.452116 0.578709 0.578709 0.578709
2364.506836 0.000000 2938.600098 0.000000 0.292498 0.000000 -0.956266 1.048172 1.048172 1.048172
2361.543701 0.000000 2945.432129 0.000000 0.773859 0.000000 0.633358 0.656249 0.656249 0.656249
2358.411133 0.000000 2943.622803 0.000000 0.964797 0.000000 0.262997 0.652831 0.652831 0.652831
2361.348633 0.000000 2942.892090 0.000000 0.926560 0.000000 0.376147 0.627971 0.627971 0.627971
2362.489014 0.000000 2940.283447 0.000000 0.884164 0.000000 0.467177 0.672636 0.672636 0.672636
2365.184082 0.000000 2941.484619 0.000000 0.992837 0.000000 0.119477 0.707169 0.707169 0.707169
2367.109619 0.000000 2938.981445 0.000000 0.745230 0.000000 0.666808 0.449325 0.449325 0.449325
2362.795166 0.000000 2942.926270 0.000000 0.997923 0.000000 -0.064410 0.778240 0.778240 0.778240
2363.448730 0.000000 2943.833252 0.000000 0.036681 0.000000 0.999327 0.077840 0.077840 0.077840
2365.236328 0.000000 2940.407959 0.000000 0.361683 0.000000 -0.932301 1.179415 1.179415 1.179415
2364.263672 0.000000 2941.489258 0.000000 0.784767 0.000000 0.619791 0.510933 0.510933 0.510933
2363.198242 0.000000 2942.052002 0.000000 0.079867 0.000000 -0.996806 1.403205 1.403205 1.403205
2367.444580 0.000000 2938.187256 0.000000 0.886798 0.000000 0.462156 0.552098 0.552098 0.552098
2405.393066 0.000000 2950.559082 0.000000 0.314200 0.000000 -0.949357 0.810911 0.810911 0.810911
2387.151123 0.000000 2929.965820 0.000000 0.520379 0.000000 0.853936 0.700173 0.700173 0.700173
2415.030762 0.000000 2946.410645 0.000000 0.938568 0.000000 -0.345093 0.763194 0.763194 0.763194
2373.682617 0.000000 2937.175049 0.000000 0.080286 0.000000 -0.996772 0.763953 0.763953 0.763953
2418.689209 0.000000 2928.733398 0.000000 0.333326 0.000000 -0.942812 0.756915 0.756915 0.756915
2388.480957 0.000000 2944.658936 0.000000 0.893008 0.000000 -0.450040 0.755244 0.755244 0.755244
2374.070068 0.000000 2931.098389 0.000000 0.996655 0.000000 -0.081726 0.750766 0.750766 0.750766
2384.304443 0.000000 2934.282715 0.000000 0.967792 0.000000 0.251752 0.692819 0.692819 0.692819
2411.555176 0.000000 2949.771729 0.000000 0.204820 0.000000 -0.978800 0.793434 0.793434 0.793434
2424.942627 0.000000 2936.827881 0.000000 0.702126 0.000000 -0.712053 0.776707 0.776707 0.776707
2390.288818 0.000000 2933.124756 0.000000 0.173380 0.000000 0.984855 0.653249 0.653249 0.653249
2386.557373 0.000000 2939.793945 0.000000 0.411569 0.000000 0.911379 0.513836 0.513836 0.513836
2370.295898 0.000000 2934.208496 0.000000 0.509952 0.000000 -0.860203 0.806237 0.806237 0.806237
2407.762207 0.000000 2925.702637 0.000000 0.910135 0.000000 -0.414311 0.806791 0.806791 0.806791
2411.965820 0.000000 2943.049072 0.000000 0.698955 0.000000 -0.715165 0.842507 0.842507 0.842507
2422.061279 0.000000 2957.846191 0.000000 0.849253 0.000000 -0.527986 0.915596 0.915596 0.915596
2399.253174 0.000000 2925.423584 0.000000 0.959620 0.000000 -0.281300 0.816739 0.816739 0.816739
2424.258301 0.000000 2940.605957 0.000000 0.561192 0.000000 0.827686 0.706187 0.706187 0.706187
2391.675537 0.000000 2946.795654 0.000000 0.683645 0.000000 -0.729815 0.797484 0.797484 0.797484
2399.117920 0.000000 2957.656250 0.000000 0.821052 0.000000 0.570854 0.727249 0.727249 0.727249
2383.538574 0.000000 2930.488770 0.000000 0.949270 0.000000 0.314464 0.739818 0.739818 0.739818
2401.320068 0.000000 2933.664551 0.000000 0.973213 0.000000 0.229905 0.738707 0.738707 0.738707
2396.154541 0.000000 2927.423584 0.000000 0.967370 0.000000 0.253366 0.719783 0.719783 0.719783
2390.347412 0.000000 2928.734131 0.000000 0.841300 0.000000 -0.540569 0.803468 0.803468 0.803468
2408.685303 0.000000 2951.695068 0.000000 0.785937 0.000000 0.618306 0.720045 0.720045 0.720045
2387.179199 0.000000 2936.201172 0.000000 0.999198 0.000000 -0.040045 0.760575 0.760575 0.760575
2393.016357 0.000000 2926.874268 0.000000 0.285821 0.000000 0.958283 0.589305 0.589305 0.589305
2402.400391 0.000000 2928.090576 0.000000 0.348517 0.000000 -0.937302 1.007032 1.007032 1.007032
2407.656738 0.000000 2948.633545 0.000000 0.746885 0.000000 0.664953 0.718673 0.718673 0.718673
2396.077881 0.000000 2957.689941 0.000000 0.234717 0.000000 -0.972064 0.799951 0.799951 0.799951
2430.479492 0.000000 2921.445557 0.000000 0.923888 0.000000 0.382663 0.729413 0.729413 0.729413
2404.563477 0.000000 2953.253662 0.000000 0.698690 0.000000 0.715425 0.708203 0.708203 0.708203
2413.033203 0.000000 2952.123535 0.000000 0.458904 0.000000 -0.888486 0.958945 0.958945 0.958945
2384.919922 0.000000 2928.006348 0.000000 0.934001 0.000000 0.357271 0.719217 0.719217 0.719217
2412.984863 0.000000 2928.758301 0.000000 0.981487 0.000000 0.191527 0.730514 0.730514 0.730514
2391.723877 0.000000 2944.203369 0.000000 0.707446 0.000000 -0.706767 1.011605 1.011605 1.011605
2370.534912 0.000000 2936.589844 0.000000 0.160675 0.000000 0.987007 0.517766 0.517766 0.517766
2391.272461 0.000000 2930.955078 0.000000 0.204950 0.000000 0.978772 0.348914 0.348914 0.348914
2382.555664 0.000000 2932.683838 0.000000 0.947995 0.000000 -0.318285 0.774260 0.774260 0.774260
2385.552490 0.000000 2931.622070 0.000000 0.000266 0.000000 -1.000000 1.341076 1.341076 1.341076
2424.117920 0.000000 2934.736572 0.000000 0.999881 0.000000 -0.015443 0.751388 0.751388 0.751388
2388.874756 0.000000 2934.806396 0.000000 0.026968 0.000000 -0.999636 0.880080 0.880080 0.880080
2397.007568 0.000000 2925.117432 0.000000 0.362050 0.000000 0.932159 0.437596 0.437596 0.437596
2393.457764 0.000000 2945.417480 0.000000 0.999909 0.000000 0.013457 0.747757 0.747757 0.747757
2397.081787 0.000000 2939.133545 0.000000 0.420734 0.000000 0.907184 0.664877 0.664877 0.664877
2415.775879 0.000000 2920.969971 0.000000 0.999937 0.000000 -0.011260 0.751518 0.751518 0.751518
2393.156738 0.000000 2940.343018 0.000000 0.170717 0.000000 -0.985320 0.912437 0.912437 0.912437
2390.147217 0.000000 2943.050537 0.000000 0.756609 0.000000 -0.653868 1.018223 1.018223 1.018223
2413.599854 0.000000 2955.788086 0.000000 0.787438 0.000000 0.616394 0.456517 0.456517 0.456517
2397.725586 0.000000 2940.993164 0.000000 0.775978 0.000000 -0.630760 0.815177 0.815177 0.815177
2392.310791 0.000000 2928.749756 0.000000 0.222893 0.000000 0.974843 0.258543 0.258543 0.258543
2411.371826 0.000000 2956.481934 0.000000 0.141846 0.000000 -0.989889 1.252841 1.252841 1.252841
2426.516602 0.000000 2931.529541 0.000000 0.999931 0.000000 0.011719 0.748618 0.748618 0.748618
2400.493164 0.000000 2928.097900 0.000000 0.767416 0.000000 0.641150 0.678324 0.678324 0.678324
2413.773926 0.000000 2953.906494 0.000000 0.832484 0.000000 -0.554049 0.862151 0.862151 0.862151
2425.645508 0.000000 2957.774170 0.000000 0.473938 0.000000 -0.880558 0.955699 0.955699 0.955699
2424.056885 0.000000 2945.175537 0.000000 0.309538 0.000000 0.950887 0.611237 0.611237 0.611237
2390.269531 0.000000 2945.312012 0.000000 0.478564 0.000000 0.878053 0.392788 0.392788 0.392788
2403.603271 0.000000 2929.448975 0.000000 0.982208 0.000000 -0.187798 0.789972 0.789972 0.789972
2394.772461 0.000000 2926.280029 0.000000 0.677798 0.000000 0.735248 0.378799 0.378799 0.378799
2369.397949 0.000000 2939.443604 0.000000 0.802799 0.000000 -0.596250 0.828945 0.828945 0.828945
2413.636719 0.000000 2942.439209 0.000000 0.584810 0.000000 0.811170 0.613588 0.613588 0.613588
2423.897217 0.000000 2957.881104 0.000000 0.998274 0.000000 0.058724 0.732507 0.732507 0.732507
2405.943604 0.000000 2925.203613 0.000000 0.271411 0.000000 -0.962464 1.218320 1.218320 1.218320
2411.662109 0.000000 2958.620605 0.000000 0.999903 0.000000 -0.013922 0.755266 0.755266 0.755266
2398.398438 0.000000 2930.900879 0.000000 0.407524 0.000000 0.913195 0.383608 0.383608 0.383608
2401.757812 0.000000 2924.599121 0.000000 0.732707 0.000000 0.680545 0.510342 0.510342 0.510342
2386.341064 0.000000 2937.961670 0.000000 0.038886 0.000000 0.999244 0.345563 0.345563 0.345563
2414.089111 0.000000 2950.827637 0.000000 0.206249 0.000000 -0.978500 1.349767 1.349767 1.349767
2415.581543 0.000000 2950.156250 0.000000 0.742556 0.000000 0.669784 0.427064 0.427064 0.427064
2423.021973 0.000000 2959.273438 0.000000 0.857058 0.000000 0.515219 0.640545 0.640545 0.640545
2387.464844 0.000000 2931.499268 0.000000 0.370067 0.000000 -0.929005 0.903965 0.903965 0.903965
2384.235840 0.000000 2932.617188 0.000000 0.033310 0.000000 0.999445 0.174241 0.174241 0.174241
2397.778809 0.000000 2933.766846 0.000000 0.158557 0.000000 -0.987350 1.088308 1.088308 1.088308
2394.338379 0.000000 2946.700195 0.000000 0.749050 0.000000 0.662513 0.599490 0.599490 0.599490
2388.745117 0.000000 2932.831787 0.000000 0.401367 0.000000 0.915917 0.528879 0.528879 0.528879
2422.656494 0.000000 2956.413574 0.000000 0.649978 0.000000 0.759953 0.493002 0.493002 0.493002
2410.440186 0.000000 2955.217285 0.000000 0.259108 0.000000 0.965848 0.580921 0.580921 0.580921
2415.812744 0.000000 2926.571533 0.000000 0.327290 0.000000 -0.944924 1.065092 1.065092 1.065092
2429.005859 0.000000 2931.875977 0.000000 0.366490 0.000000 0.930422 0.454507 0.454507 0.454507
2395.121826 0.000000 2944.293457 0.000000 0.831316 0.000000 0.555801 0.572343 0.572343 0.572343
2424.047363 0.000000 2919.656494 0.000000 0.265145 0.000000 0.964208 0.176904 0.176904 0.176904
2415.960693 0.000000 2931.642822 0.000000 0.429039 0.000000 -0.903286 1.032860 1.032860 1.032860
2422.316162 0.000000 2916.485352 0.000000 0.636748 0.000000 0.771072 0.623050 0.623050 0.623050
2422.403320 0.000000 2943.622803 0.000000 0.045126 0.000000 -0.998981 0.981389 0.981389 0.981389
2425.340820 0.000000 2942.892090 0.000000 0.142868 0.000000 0.989742 0.121903 0.121903 0.121903
2385.674561 0.000000 2933.299072 0.000000 0.939112 0.000000 -0.343612 0.881353 0.881353 0.881353
2429.725586 0.000000 2955.878906 0.000000 0.270896 0.000000 0.962609 0.524240 0.524240 0.524240
2416.491455 0.000000 2946.328613 0.000000 0.483514 0.000000 0.875337 0.452561 0.452561 0.452561
2414.446289 0.000000 2927.429932 0.000000 0.007524 0.000000 -0.999972 1.148084 1.148084 1.148084
2414.982910 0.000000 2953.076660 0.000000 0.909158 0.000000 0.416452 0.595579 0.595579 0.595579
2404.730225 0.000000 2924.425781 0.000000 0.125905 0.000000 -0.992042 1.272027 1.272027 1.272027
2426.481201 0.000000 2940.283447 0.000000 0.676907 0.000000 -0.736069 0.914188 0.914188 0.914188
2429.176270 0.000000 2941.484619 0.000000 0.390364 0.000000 -0.920660 1.196819 1.196819 1.196819
2408.720947 0.000000 2958.775879 0.000000 0.682676 0.000000 -0.730721 1.098266 1.098266 1.098266
2425.011963 0.000000 2954.895508 0.000000 0.730659 0.000000 -0.682742 0.934335 0.934335 0.934335
2395.384766 0.000000 2935.780273 0.000000 0.253892 0.000000 -0.967233 1.005895 1.005895 1.005895
2394.812012 0.000000 2934.115967 0.000000 0.350906 0.000000 0.936411 0.513936 0.513936 0.513936
2395.674805 0.000000 2947.161133 0.000000 0.984650 0.000000 -0.174538 0.786462 0.786462 0.786462
2398.266846 0.000000 2924.416748 0.000000 0.837398 0.000000 -0.546594 0.885350 0.885350 0.885350
2426.739502 0.000000 2919.927246 0.000000 0.999341 0.000000 -0.036291 0.758700 0.758700 0.758700
2404.577637 0.000000 2925.750244 0.000000 0.249732 0.000000 0.968315 0.273565 0.273565 0.273565
2393.054199 0.000000 2946.891357 0.000000 0.115743 0.000000 0.993279 0.406780 0.406780 0.406780
2417.800293 0.000000 2949.826416 0.000000 0.896145 0.000000 -0.443760 0.862780 0.862780 0.862780
2400.506104 0.000000 2924.965088 0.000000 0.156385 0.000000 0.987696 0.297337 0.297337 0.297337
2390.278320 0.000000 2931.801514 0.000000 0.957130 0.000000 -0.289659 0.836389 0.836389 0.836389
2416.871582 0.000000 2947.594238 0.000000 0.961282 0.000000 0.275566 0.672112 0.672112 0.672112
2420.347168 0.000000 2918.477051 0.000000 0.998154 0.000000 0.060739 0.727354 0.727354 0.727354
2426.787354 0.000000 2942.926270 0.000000 0.940138 0.000000 -0.340795 0.845720 0.845720 0.845720
2421.713623 0.000000 2919.343018 0.000000 0.281056 0.000000 -0.959691 1.229140 1.229140 1.229140
2369.100830 0.000000 2937.031982 0.000000 0.705684 0.000000 -0.708527 1.049294 1.049294 1.049294
2429.795410 0.000000 2933.970459 0.000000 0.917732 0.000000 0.397201 0.632219 0.632219 0.632219
2424.186035 0.000000 2933.492676 0.000000 0.590247 0.000000 0.807222 0.463283 0.463283 0.463283
2392.440430 0.000000 2939.277588 0.000000 0.217596 0.000000 0.976039 0.365370 0.365370 0.365370
2390.349854 0.000000 2930.102783 0.000000 0.999799 0.000000 -0.020037 0.755891 0.755891 0.755891
2427.415771 0.000000 2941.140137 0.000000 0.043872 0.000000 0.999037 0.446946 0.446946 0.446946
2419.797363 0.000000 2920.769287 0.000000 0.576447 0.000000 -0.817135 1.133235 1.133235 1.133235
2387.997559 0.000000 2939.337402 0.000000 0.284345 0.000000 0.958722 0.485855 0.485855 0.485855
2428.412842 0.000000 2921.193359 0.000000 0.335086 0.000000 0.942188 0.494547 0.494547 0.494547
2423.852539 0.000000 2929.913330 0.000000 0.078970 0.000000 0.996877 0.347785 0.347785 0.347785
2410.067627 0.000000 2956.514648 0.000000 0.268309 0.000000 0.963333 0.292679 0.292679 0.292679
2417.413574 0.000000 2920.883057 0.000000 0.998271 0.000000 -0.058772 0.771802 0.771802 0.771802
2419.331299 0.000000 2939.825684 0.000000 0.772821 0.000000 -0.634624 0.910916 0.910916 0.910916
2414.449951 0.000000 2951.969238 0.000000 0.173034 0.000000 0.984916 0.135347 0.135347 0.135347
2384.433594 0.000000 2931.266602 0.000000 0.924037 0.000000 0.382304 0.602361 0.602361 0.602361
2386.065674 0.000000 2936.790527 0.000000 0.995667 0.000000 -0.092992 0.774586 0.774586 0.774586
2421.655518 0.000000 2928.404297 0.000000 0.680691 0.000000 0.732571 0.545274 0.545274 0.545274
2390.561768 0.000000 2944.170654 0.000000 0.692254 0.000000 0.721654 0.481306 0.481306 0.481306
2391.337891 0.000000 2943.093262 0.000000 0.895253 0.000000 0.445559 0.576200 0.576200 0.576200
2422.983887 0.000000 2945.834229 0.000000 0.628429 0.000000 -0.777867 1.045380 1.045380 1.045380
2419.873779 0.000000 2938.175537 0.000000 0.410948 0.000000 -0.911659 1.018528 1.018528 1.018528
2423.069336 0.000000 2944.577148 0.000000 0.960837 0.000000 -0.277114 0.843058 0.843058 0.843058
2428.475830 0.000000 2927.629883 0.000000 0.995097 0.000000 0.098909 0.725699 0.725699 0.725699
2411.890381 0.000000 2957.516602 0.000000 0.999651 0.000000 -0.026433 0.759306 0.759306 0.759306
2393.394775 0.000000 2929.124756 0.000000 0.834874 0.000000 0.550441 0.537174 0.537174 0.537174
2419.116943 0.000000 2946.186035 0.000000 0.216507 0.000000 0.976281 0.301739 0.301739 0.301739
2420.898926 0.000000 2945.159668 0.000000 0.958341 0.000000 0.285627 0.649120 0.649120 0.649120
2395.004639 0.000000 2927.414062 0.000000 0.227342 0.000000 -0.973815 1.352819 1.352819 1.352819
2368.000000 0.000000 2936.816895 0.000000 0.119742 0.000000 -0.992805 1.301435 1.301435 1.301435
2431.244629 0.000000 2940.137939 0.000000 0.427473 0.000000 0.904028 0.375797 0.375797 0.375797
2425.135986 0.000000 2919.345459 0.000000 0.444030 0.000000 0.896012 0.261271 0.261271 0.261271
2413.063477 0.000000 2954.806885 0.000000 0.685633 0.000000 -0.727947 1.110282 1.110282 1.110282
2394.544189 0.000000 2945.294189 0.000000 0.999771 0.000000 -0.021386 0.756448 0.756448 0.756448
2427.440918 0.000000 2943.833252 0.000000 0.760998 0.000000 0.648755 0.555692 0.555692 0.555692
2387.950684 0.000000 2936.927734 0.000000 0.804390 0.000000 -0.594102 0.917950 0.917950 0.917950
2425.292480 0.000000 2933.341797 0.000000 0.984095 0.000000 -0.177643 0.804507 0.804507 0.804507
2425.913574 0.000000 2932.427979 0.000000 0.183585 0.000000 0.983004 0.326938 0.326938 0.326938
2429.018555 0.000000 2929.833008 0.000000 0.708044 0.000000 -0.706169 0.995174 0.995174 0.995174
2410.634277 0.000000 2958.775635 0.000000 0.313982 0.000000 -0.949429 1.223318 1.223318 1.223318
2410.849121 0.000000 2957.542480 0.000000 0.811217 0.000000 -0.584745 0.969855 0.969855 0.969855
2429.825195 0.000000 2928.281250 0.000000 0.995867 0.000000 0.090822 0.721561 0.721561 0.721561
2413.419678 0.000000 2927.813965 0.000000 0.862903 0.000000 -0.505370 0.905748 0.905748 0.905748
2390.594482 0.000000 2942.036865 0.000000 0.047830 0.000000 -0.998855 1.323169 1.323169 1.323169
2429.551025 0.000000 2932.977783 0.000000 0.907409 0.000000 -0.420248 0.875063 0.875063 0.875063
2422.625488 0.000000 2931.829346 0.000000 0.242308 0.000000 -0.970199 1.177061 1.177061 1.177061
2415.342041 0.000000 2948.926270 0.000000 0.157581 0.000000 -0.987506 1.165247 1.165247 1.165247
2422.159180 0.000000 2930.687500 0.000000 0.487391 0.000000 -0.873184 1.091924 1.091924 1.091924
2428.081055 0.000000 2929.390381 0.000000 0.829420 0.000000 -0.558626 0.935342 0.935342 0.935342
2429.228516 0.000000 2940.407959 0.000000 0.750549 0.000000 0.660815 0.474253 0.474253 0.474253
2423.000488 0.000000 2957.370850 0.000000 0.993373 0.000000 0.114932 0.715708 0.715708 0.715708
2417.847168 0.000000 2929.914551 0.000000 0.745249 0.000000 -0.666786 0.979597 0.979597 0.979597
2394.097900 0.000000 2944.341064 0.000000 0.983981 0.000000 -0.178274 0.804031 0.804031 0.804031
2415.013672 0.000000 2951.099854 0.000000 0.926162 0.000000 0.377127 0.579849 0.579849 0.579849
2391.188721 0.000000 2945.031250 0.000000 0.309926 0.000000 0.950761 0.331495 0.331495 0.331495
2384.502441 0.000000 2930.310303 0.000000 0.268129 0.000000 0.963383 0.260985 0.260985 0.260985
2418.665527 0.000000 2947.269043 0.000000 0.052763 0.000000 0.998607 0.246907 0.246907 0.246907
2403.189697 0.000000 2924.105957 0.000000 0.394126 0.000000 -0.919057 1.138509 1.138509 1.138509
2431.106934 0.000000 2941.802246 0.000000 0.579178 0.000000 -0.815201 1.065865 1.065865 1.065865
2421.324219 0.000000 2918.509033 0.000000 0.603348 0.000000 -0.797478 1.093957 1.093957 1.093957
2428.255859 0.000000 2941.489258 0.000000 0.647876 0.000000 0.761746 0.419211 0.419211 0.419211
2416.570068 0.000000 2920.535400 0.000000 0.899321 0.000000 -0.437290 0.917789 0.917789 0.917789
2395.590332 0.000000 2926.673340 0.000000 0.953093 0.000000 -0.302677 0.888184 0.888184 0.888184
2384.725342 0.000000 2933.493164 0.000000 0.940638 0.000000 0.339412 0.620320 0.620320 0.620320
2369.677002 0.000000 2936.338867 0.000000 0.984353 0.000000 0.176207 0.682672 0.682672 0.682672
2409.774414 0.000000 2958.985107 0.000000 0.999358 0.000000 -0.035829 0.765232 0.765232 0.765232
2425.482666 0.000000 2942.033691 0.000000 0.396998 0.000000 -0.917819 1.261542 1.261542 1.261542
2425.960693 0.000000 2919.546875 0.000000 0.702885 0.000000 -0.711303 1.098207 1.098207 1.098207
2412.747559 0.000000 2955.612549 0.000000 0.901651 0.000000 -0.432465 0.947624 0.947624 0.947624
2425.695801 0.000000 2943.646240 0.000000 0.207056 0.000000 0.978329 0.150595 0.150595 0.150595
2425.136719 0.000000 2918.436035 0.000000 0.439443 0.000000 0.898270 0.259022 0.259022 0.259022
2396.387939 0.000000 2959.503174 0.000000 0.921220 0.000000 0.389041 0.734288 0.734288 0.734288
2404.741211 0.000000 2964.738037 0.000000 0.150491 0.000000 -0.988611 0.763292 0.763292 0.763292
2421.413574 0.000000 2959.477295 0.000000 0.806769 0.000000 0.590866 0.729879 0.729879 0.729879
2409.056396 0.000000 2961.075439 0.000000 0.023713 0.000000 0.999719 0.639923 0.639923 0.639923
2405.708740 0.000000 2961.481445 0.000000 0.985955 0.000000 -0.167012 0.756284 0.756284 0.756284
2422.330566 0.000000 2968.769043 0.000000 0.986838 0.000000 -0.161712 0.808088 0.808088 0.808088
2426.359375 0.000000 2964.285889 0.000000 0.971456 0.000000 0.237218 0.709640 0.709640 0.709640
2411.748047 0.000000 2960.077881 0.000000 0.806688 0.000000 0.590977 0.681336 0.681336 0.681336
2430.316162 0.000000 2965.080811 0.000000 0.867328 0.000000 -0.497737 0.953880 0.953880 0.953880
2427.516602 0.000000 2971.971436 0.000000 0.252812 0.000000 -0.967515 1.070140 1.070140 1.070140
2426.899414 0.000000 2966.342285 0.000000 0.886367 0.000000 0.462984 0.603088 0.603088 0.603088
2423.344238 0.000000 2970.536133 0.000000 0.897241 0.000000 -0.441542 0.808227 0.808227 0.808227
2410.008789 0.000000 2959.450928 0.000000 0.324933 0.000000 0.945737 0.281053 0.281053 0.281053
2431.501709 0.000000 2975.996094 0.000000 0.238306 0.000000 -0.971190 1.011517 1.011517 1.011517
2428.214600 0.000000 2965.170410 0.000000 0.999665 0.000000 -0.025897 0.756935 0.756935 0.756935
2410.700928 0.000000 2961.561035 0.000000 0.722653 0.000000 0.691211 0.667121 0.667121 0.667121
2427.713623 0.000000 2970.397217 0.000000 0.031610 0.000000 -0.999500 1.124657 1.124657 1.124657
2413.284912 0.000000 2959.622559 0.000000 0.606815 0.000000 0.794843 0.624420 0.624420 0.624420
2425.783936 0.000000 2968.004395 0.000000 0.501663 0.000000 -0.865063 0.975076 0.975076 0.975076
2423.651123 0.000000 2968.045166 0.000000 0.594966 0.000000 -0.803751 1.083874 1.083874 1.083874
2425.936035 0.000000 2969.848633 0.000000 0.698877 0.000000 0.715242 0.578391 0.578391 0.578391
2427.811523 0.000000 2967.705078 0.000000 0.078723 0.000000 0.996897 0.294639 0.294639 0.294639
2431.625244 0.000000 2965.442871 0.000000 0.838275 0.000000 0.545248 0.524323 0.524323 0.524323
2429.645020 0.000000 2967.831543 0.000000 0.885789 0.000000 0.464088 0.653311 0.653311 0.653311
2423.420410 0.000000 2959.632324 0.000000 0.877336 0.000000 0.479877 0.648786 0.648786 0.648786
2429.838623 0.000000 2971.955811 0.000000 0.899202 0.000000 -0.437534 0.849208 0.849208 0.849208
2424.591553 0.000000 2970.507568 0.000000 0.556556 0.000000 -0.830810 1.005206 1.005206 1.005206
2408.652832 0.000000 2959.923584 0.000000 0.278353 0.000000 -0.960479 1.297753 1.297753 1.297753
2429.950928 0.000000 2966.244141 0.000000 0.274200 0.000000 0.961673 0.490942 0.490942 0.490942
2423.407959 0.000000 2969.286621 0.000000 0.693580 0.000000 0.720380 0.462340 0.462340 0.462340
2429.209473 0.000000 2964.587891 0.000000 0.656930 0.000000 -0.753951 0.978678 0.978678 0.978678
2426.676025 0.000000 2970.928467 0.000000 0.995870 0.000000 0.090790 0.727870 0.727870 0.727870
2431.160400 0.000000 2964.236084 0.000000 0.981065 0.000000 -0.193681 0.826276 0.826276 0.826276
2426.747803 0.000000 2967.515625 0.000000 0.280418 0.000000 -0.959878 1.142664 1.142664 1.142664
2422.330811 0.000000 2969.880371 0.000000 0.365864 0.000000 -0.930668 1.177810 1.177810 1.177810
2427.890625 0.000000 2966.479492 0.000000 0.412636 0.000000 -0.910896 1.099595 1.099595 1.099595
2410.966553 0.000000 2959.461914 0.000000 0.938645 0.000000 0.344885 0.616820 0.616820 0.616820
2430.804932 0.000000 2965.886230 0.000000 0.665721 0.000000 0.746201 0.420365 0.420365 0.420365
2452.669189 0.000000 2953.249023 0.000000 0.999389 0.000000 -0.034943 0.750523 0.750523 0.750523
2442.744385 0.000000 2924.563965 0.000000 0.908298 0.000000 0.418323 0.746768 0.746768 0.746768
2446.140625 0.000000 2938.923584 0.000000 0.573667 0.000000 0.819088 0.742811 0.742811 0.742811
2452.473145 0.000000 2944.658936 0.000000 0.669863 0.000000 0.742484 0.732765 0.732765 0.732765
2432.479736 0.000000 2953.263672 0.000000 0.260392 0.000000 0.965503 0.718177 0.718177 0.718177
2457.117432 0.000000 2957.284668 0.000000 0.914569 0.000000 -0.404430 0.757796 0.757796 0.757796
2448.296631 0.000000 2934.282715 0.000000 0.288751 0.000000 -0.957404 0.828959 0.828959 0.828959
2431.896484 0.000000 2948.944580 0.000000 0.785066 0.000000 -0.619412 0.770012 0.770012 0.770012
2450.146973 0.000000 2956.880615 0.000000 0.549790 0.000000 0.835303 0.712976 0.712976 0.712976
2452.298340 0.000000 2948.976074 0.000000 0.654835 0.000000 0.755772 0.709891 0.709891 0.709891
2443.506104 0.000000 2944.487549 0.000000 0.907061 0.000000 0.420999 0.736982 0.736982 0.736982
2455.558594 0.000000 2941.608643 0.000000 0.998969 0.000000 -0.045405 0.750936 0.750936 0.750936
2455.667725 0.000000 2946.795654 0.000000 0.159392 0.000000 0.987215 0.710378 0.710378 0.710378
2449.401611 0.000000 2946.788086 0.000000 0.890381 0.000000 -0.455217 0.769468 0.769468 0.769468
2451.171387 0.000000 2936.201172 0.000000 0.958689 0.000000 0.284457 0.733258 0.733258 0.733258
2448.696533 0.000000 2937.618896 0.000000 0.310118 0.000000 0.950698 0.684178 0.684178 0.684178
2452.528076 0.000000 2941.845947 0.000000 0.767561 0.000000 0.640976 0.720036 0.720036 0.720036
2450.004639 0.000000 2954.065430 0.000000 0.532526 0.000000 0.846414 0.708427 0.708427 0.708427
2445.908936 0.000000 2945.359131 0.000000 0.726515 0.000000 -0.687151 0.952840 0.952840 0.952840
2450.278320 0.000000 2943.277588 0.000000 0.629496 0.000000 -0.777004 0.796655 0.796655 0.796655
2434.312012 0.000000 2948.575928 0.000000 0.342551 0.000000 0.939499 0.656253 0.656253 0.656253
2455.288574 0.000000 2958.587891 0.000000 0.469514 0.000000 0.882925 0.683140 0.683140 0.683140
2444.343994 0.000000 2946.517334 0.000000 0.944455 0.000000 -0.328641 0.778215 0.778215 0.778215
2438.617920 0.000000 2932.992188 0.000000 0.707717 0.000000 -0.706496 0.836669 0.836669 0.836669
2436.615479 0.000000 2939.912598 0.000000 0.755007 0.000000 -0.655716 0.977633 0.977633 0.977633
2440.736572 0.000000 2928.149902 0.000000 0.082853 0.000000 -0.996562 0.958940 0.958940 0.958940
2447.005127 0.000000 2949.197510 0.000000 0.868244 0.000000 0.496137 0.560450 0.560450 0.560450
2438.618652 0.000000 2938.554443 0.000000 0.659349 0.000000 0.751837 0.434560 0.434560 0.434560
2433.886475 0.000000 2938.027832 0.000000 0.139130 0.000000 0.990274 0.358746 0.358746 0.358746
2431.750244 0.000000 2919.817139 0.000000 0.170792 0.000000 -0.985307 1.247764 1.247764 1.247764
2442.996338 0.000000 2946.063721 0.000000 0.684008 0.000000 -0.729474 0.964311 0.964311 0.964311
2437.185547 0.000000 2938.585449 0.000000 0.394182 0.000000 -0.919032 1.121028 1.121028 1.121028
2440.702148 0.000000 2926.670898 0.000000 0.226654 0.000000 0.973975 0.491154 0.491154 0.491154
2444.891846 0.000000 2944.379395 0.000000 0.280668 0.000000 0.959805 0.405585 0.405585 0.405585
2438.243164 0.000000 2923.282715 0.000000 0.885784 0.000000 -0.464097 0.840365 0.840365 0.840365
2433.367920 0.000000 2919.233154 0.000000 0.025754 0.000000 -0.999668 1.021937 1.021937 1.021937
2438.023438 0.000000 2927.460693 0.000000 0.479071 0.000000 -0.877776 1.078939 1.078939 1.078939
2439.310303 0.000000 2928.356445 0.000000 0.994186 0.000000 0.107679 0.717476 0.717476 0.717476
2437.041992 0.000000 2921.121338 0.000000 0.894886 0.000000 0.446295 0.569827 0.569827 0.569827
2436.655518 0.000000 2931.295898 0.000000 0.842730 0.000000 -0.538336 0.993746 0.993746 0.993746
2438.305664 0.000000 2926.024902 0.000000 0.940313 0.000000 0.340309 0.643369 0.643369 0.643369
2436.978760 0.000000 2923.764160 0.000000 0.943377 0.000000 -0.331722 0.856363 0.856363 0.856363
2435.808105 0.000000 2919.076416 0.000000 0.998710 0.000000 0.050775 0.740013 0.740013 0.740013
2437.531250 0.000000 2932.324219 0.000000 0.707294 0.000000 0.706919 0.533897 0.533897 0.533897
2436.989746 0.000000 2919.751953 0.000000 0.952503 0.000000 0.304529 0.691480 0.691480 0.691480
2434.875977 0.000000 2917.224365 0.000000 0.688238 0.000000 -0.725485 1.025103 1.025103 1.025103
2439.460938 0.000000 2925.607666 0.000000 0.985620 0.000000 -0.168976 0.818035 0.818035 0.818035
2437.647461 0.000000 2929.991699 0.000000 0.898811 0.000000 0.438335 0.606418 0.606418 0.606418
2435.974609 0.000000 2917.895508 0.000000 0.999594 0.000000 0.028493 0.740342 0.740342 0.740342
2444.272705 0.000000 2945.375732 0.000000 0.432728 0.000000 -0.901524 1.050763 1.050763 1.050763
2436.213379 0.000000 2928.911621 0.000000 0.055020 0.000000 -0.998485 1.229640 1.229640 1.229640
2447.049805 0.000000 2948.095703 0.000000 0.199480 0.000000 0.979902 0.249797 0.249797 0.249797
2432.445312 0.000000 2917.238525 0.000000 0.806408 0.000000 0.591360 0.541483 0.541483 0.541483
2439.233398 0.000000 2939.470215 0.000000 0.999148 0.000000 -0.041275 0.765306 0.765306 0.765306
2437.628418 0.000000 2933.434814 0.000000 0.670683 0.000000 -0.741744 0.980013 0.980013 0.980013
2431.753174 0.000000 2941.045166 0.000000 0.285400 0.000000 0.958408 0.325332 0.325332 0.325332
2432.310303 0.000000 2939.152344 0.000000 0.189189 0.000000 0.981941 0.372621 0.372621 0.372621
2436.208008 0.000000 2938.956787 0.000000 0.971170 0.000000 0.238386 0.673382 0.673382 0.673382
2435.525879 0.000000 2939.908447 0.000000 0.269542 0.000000 0.962989 0.349023 0.349023 0.349023
2434.462158 0.000000 2939.692139 0.000000 0.998919 0.000000 -0.046494 0.764369 0.764369 0.764369
2436.266846 0.000000 2923.046631 0.000000 0.962666 0.000000 0.270692 0.663774 0.663774 0.663774
2446.137451 0.000000 2948.838135 0.000000 0.931041 0.000000 0.364915 0.613613 0.613613 0.613613
2432.690918 0.000000 2916.105957 0.000000 0.125500 0.000000 -0.992094 1.226180 1.226180 1.226180
2447.864502 0.000000 2948.804688 0.000000 0.865594 0.000000 0.500747 0.558509 0.558509 0.558509
2439.782715 0.000000 2924.718018 0.000000 0.407346 0.000000 -0.913274 1.211301 1.211301 1.211301
2436.137207 0.000000 2921.360352 0.000000 0.938564 0.000000 0.345105 0.612773 0.612773 0.612773
2459.515625 0.000000 3003.538086 0.000000 0.296864 0.000000 -0.954920 0.887856 0.887856 0.887856
2464.529297 0.000000 2985.293213 0.000000 0.306003 0.000000 0.952031 0.712258 0.712258 0.712258
2468.733398 0.000000 2964.738037 0.000000 0.668468 0.000000 -0.743741 0.756281 0.756281 0.756281
2446.775635 0.000000 2984.337891 0.000000 0.183774 0.000000 0.982969 0.731834 0.731834 0.731834
2485.660889 0.000000 2982.863525 0.000000 0.941344 0.000000 0.337450 0.744844 0.744844 0.744844
2472.313965 0.000000 2972.089355 0.000000 0.398318 0.000000 -0.917247 0.767393 0.767393 0.767393
2478.214844 0.000000 3015.310791 0.000000 0.483982 0.000000 -0.875078 0.829809 0.829809 0.829809
2469.057861 0.000000 3013.964844 0.000000 0.864811 0.000000 -0.502097 0.906604 0.906604 0.906604
2453.469482 0.000000 2959.978027 0.000000 0.659705 0.000000 0.751524 0.700640 0.700640 0.700640
2484.034180 0.000000 2976.134766 0.000000 0.109048 0.000000 -0.994036 0.763683 0.763683 0.763683
2475.253662 0.000000 2993.458496 0.000000 0.781882 0.000000 -0.623427 0.772686 0.772686 0.772686
2479.561279 0.000000 3020.599854 0.000000 0.507102 0.000000 0.861886 0.728601 0.728601 0.728601
2476.757812 0.000000 2973.777832 0.000000 0.743930 0.000000 -0.668258 0.776037 0.776037 0.776037
2469.379639 0.000000 2984.136475 0.000000 0.202616 0.000000 -0.979258 0.770473 0.770473 0.770473
2478.999512 0.000000 2996.253906 0.000000 0.506156 0.000000 -0.862442 1.061592 1.061592 1.061592
2449.179932 0.000000 2959.459717 0.000000 0.911200 0.000000 0.411965 0.732509 0.732509 0.732509
2465.516113 0.000000 2995.445068 0.000000 0.850164 0.000000 -0.526517 0.763497 0.763497 0.763497
2461.123047 0.000000 2996.831543 0.000000 0.698859 0.000000 -0.715259 0.767908 0.767908 0.767908
2479.937500 0.000000 2976.440674 0.000000 0.341076 0.000000 -0.940036 0.798079 0.798079 0.798079
2481.225586 0.000000 2999.542236 0.000000 0.779377 0.000000 0.626555 0.689143 0.689143 0.689143
2476.193359 0.000000 2985.206543 0.000000 0.875404 0.000000 0.483391 0.700877 0.700877 0.700877
2472.017822 0.000000 3011.845947 0.000000 0.764773 0.000000 -0.644299 0.801125 0.801125 0.801125
2475.424561 0.000000 3012.372070 0.000000 0.995810 0.000000 -0.091445 0.755487 0.755487 0.755487
2450.933594 0.000000 2962.284912 0.000000 0.865230 0.000000 -0.501375 0.770651 0.770651 0.770651
2451.677246 0.000000 2989.422607 0.000000 0.136886 0.000000 -0.990587 0.803681 0.803681 0.803681
2467.128906 0.000000 2998.132080 0.000000 0.255143 0.000000 0.966903 0.686089 0.686089 0.686089
2482.959961 0.000000 2984.396973 0.000000 0.764570 0.000000 -0.644540 0.971640 0.971640 0.971640
2457.405518 0.000000 2960.324219 0.000000 0.200969 0.000000 0.979598 0.662882 0.662882 0.662882
2472.206543 0.000000 2994.370117 0.000000 0.743603 0.000000 0.668622 0.721203 0.721203 0.721203
2456.602539 0.000000 3002.950928 0.000000 0.308769 0.000000 -0.951137 0.902973 0.902973 0.902973
2465.327637 0.000000 3002.901367 0.000000 0.123230 0.000000 0.992378 0.408559 0.408559 0.408559
2453.635986 0.000000 2983.440430 0.000000 0.809717 0.000000 0.586821 0.659584 0.659584 0.659584
2450.097900 0.000000 3003.802246 0.000000 0.446801 0.000000 -0.894633 0.814291 0.814291 0.814291
2485.782227 0.000000 3003.280273 0.000000 0.958100 0.000000 0.286433 0.652635 0.652635 0.652635
2475.923584 0.000000 2976.488281 0.000000 0.975419 0.000000 -0.220358 0.790769 0.790769 0.790769
2471.811523 0.000000 3008.400146 0.000000 0.173954 0.000000 0.984754 0.522600 0.522600 0.522600
2479.856201 0.000000 3013.160156 0.000000 0.234700 0.000000 -0.972068 0.992266 0.992266 0.992266
2452.618896 0.000000 3002.870117 0.000000 0.218600 0.000000 -0.975814 0.838499 0.838499 0.838499
2454.473633 0.000000 2970.247314 0.000000 0.362104 0.000000 -0.932138 1.190491 1.190491 1.190491
2476.064941 0.000000 2982.373779 0.000000 0.710089 0.000000 -0.704112 0.995729 0.995729 0.995729
2481.080078 0.000000 2982.583252 0.000000 0.378327 0.000000 0.925672 0.590541 0.590541 0.590541
2465.187256 0.000000 2971.301270 0.000000 0.384953 0.000000 0.922936 0.679559 0.679559 0.679559
2463.525391 0.000000 2996.804443 0.000000 0.405511 0.000000 -0.914090 0.814781 0.814781 0.814781
2481.257812 0.000000 2997.034424 0.000000 0.957095 0.000000 0.289774 0.654218 0.654218 0.654218
2438.625244 0.000000 2970.565918 0.000000 0.792097 0.000000 -0.610396 1.002017 1.002017 1.002017
2483.031250 0.000000 3015.932617 0.000000 0.639216 0.000000 0.769027 0.646510 0.646510 0.646510
2480.616943 0.000000 3015.307373 0.000000 0.432800 0.000000 -0.901490 1.063361 1.063361 1.063361
2483.527100 0.000000 2982.236816 0.000000 0.847102 0.000000 0.531430 0.668171 0.668171 0.668171
2477.548828 0.000000 3013.214600 0.000000 0.096110 0.000000 -0.995371 0.973636 0.973636 0.973636
2437.747314 0.000000 2975.103516 0.000000 0.028540 0.000000 0.999593 0.146464 0.146464 0.146464
2468.681641 0.000000 2981.796631 0.000000 0.939204 0.000000 -0.343360 0.774938 0.774938 0.774938
2436.202393 0.000000 2962.209717 0.000000 0.429769 0.000000 0.902939 0.676172 0.676172 0.676172
2457.685303 0.000000 3004.812744 0.000000 0.979120 0.000000 -0.203282 0.797912 0.797912 0.797912
2467.337646 0.000000 2979.796875 0.000000 0.947222 0.000000 0.320580 0.721892 0.721892 0.721892
2491.151855 0.000000 3004.685303 0.000000 0.989190 0.000000 0.146641 0.735395 0.735395 0.735395
2477.740234 0.000000 2983.688232 0.000000 0.973865 0.000000 0.227126 0.677925 0.677925 0.677925
2492.787598 0.000000 2982.650391 0.000000 0.496337 0.000000 0.868130 0.584630 0.584630 0.584630
2479.768066 0.000000 3000.954346 0.000000 0.431889 0.000000 -0.901927 1.059433 1.059433 1.059433
2449.623779 0.000000 2991.879883 0.000000 0.314442 0.000000 -0.949277 0.920984 0.920984 0.920984
2457.271729 0.000000 2966.232422 0.000000 0.479534 0.000000 0.877524 0.659787 0.659787 0.659787
2487.182129 0.000000 3004.685303 0.000000 0.673287 0.000000 -0.739381 0.985277 0.985277 0.985277
2467.226562 0.000000 3013.089844 0.000000 0.480647 0.000000 -0.876914 0.918199 0.918199 0.918199
2465.299561 0.000000 2980.000000 0.000000 0.775297 0.000000 -0.631597 0.820400 0.820400 0.820400
2482.906494 0.000000 2998.461426 0.000000 0.688436 0.000000 -0.725297 0.862435 0.862435 0.862435
2446.969482 0.000000 2991.528320 0.000000 0.849723 0.000000 -0.527229 0.874778 0.874778 0.874778
2454.677734 0.000000 3002.628418 0.000000 0.797521 0.000000 -0.603291 0.856710 0.856710 0.856710
2460.450684 0.000000 3001.776123 0.000000 0.175131 0.000000 -0.984545 1.000710 1.000710 1.000710
2465.092773 0.000000 2983.463135 0.000000 0.841154 0.000000 -0.540795 0.814192 0.814192 0.814192
2489.691162 0.000000 3005.999512 0.000000 0.267606 0.000000 -0.963529 0.866829 0.866829 0.866829
2476.279297 0.000000 3001.955322 0.000000 0.591091 0.000000 0.806605 0.648091 0.648091 0.648091
2481.321533 0.000000 2985.655762 0.000000 0.959702 0.000000 0.281021 0.690262 0.690262 0.690262
2483.009521 0.000000 3005.093506 0.000000 0.939885 0.000000 0.341491 0.714110 0.714110 0.714110
2439.609863 0.000000 2963.652344 0.000000 0.888516 0.000000 0.458846 0.701801 0.701801 0.701801
2452.733154 0.000000 2971.106445 0.000000 0.226903 0.000000 -0.973917 0.865579 0.865579 0.865579
2443.655273 0.000000 2964.309082 0.000000 0.387849 0.000000 0.921723 0.635839 0.635839 0.635839
2463.082520 0.000000 2975.080811 0.000000 0.751646 0.000000 0.659567 0.565243 0.565243 0.565243
2485.410645 0.000000 2984.687744 0.000000 0.999587 0.000000 -0.028750 0.753446 0.753446 0.753446
2481.108643 0.000000 3002.219482 0.000000 0.433370 0.000000 -0.901216 1.174585 1.174585 1.174585
2449.936279 0.000000 2988.844971 0.000000 0.120418 0.000000 -0.992723 1.135552 1.135552 1.135552
2436.064697 0.000000 2975.833008 0.000000 0.613302 0.000000 -0.789849 1.106334 1.106334 1.106334
2455.963623 0.000000 3005.354980 0.000000 0.399907 0.000000 0.916556 0.541600 0.541600 0.541600
2475.294189 0.000000 2978.172852 0.000000 0.256115 0.000000 -0.966646 0.887548 0.887548 0.887548
2487.617920 0.000000 3003.021240 0.000000 0.483854 0.000000 0.875149 0.340920 0.340920 0.340920
2489.580566 0.000000 3002.153320 0.000000 0.667014 0.000000 -0.745045 0.967206 0.967206 0.967206
2494.589844 0.000000 2982.264160 0.000000 0.146163 0.000000 -0.989260 1.077981 1.077981 1.077981
2454.910889 0.000000 2967.146729 0.000000 0.942756 0.000000 0.333483 0.690159 0.690159 0.690159
2484.179932 0.000000 3003.779053 0.000000 0.680620 0.000000 -0.732636 1.025566 1.025566 1.025566
2462.779053 0.000000 3000.431641 0.000000 0.916008 0.000000 0.401161 0.648750 0.648750 0.648750
2445.537354 0.000000 2961.177734 0.000000 0.204358 0.000000 0.978896 0.532755 0.532755 0.532755
2491.161133 0.000000 3002.968994 0.000000 0.240116 0.000000 0.970744 0.588336 0.588336 0.588336
2481.036621 0.000000 3003.873779 0.000000 0.957323 0.000000 0.289022 0.639102 0.639102 0.639102
2433.278076 0.000000 2964.479248 0.000000 0.147229 0.000000 0.989102 0.169140 0.169140 0.169140
2433.748535 0.000000 2976.991943 0.000000 0.722677 0.000000 0.691185 0.405638 0.405638 0.405638
2453.202637 0.000000 2980.066406 0.000000 0.909949 0.000000 -0.414721 0.805249 0.805249 0.805249
2461.149414 0.000000 3000.420654 0.000000 0.480886 0.000000 0.876783 0.557822 0.557822 0.557822
2455.497803 0.000000 2971.523926 0.000000 0.700797 0.000000 0.713361 0.458504 0.458504 0.458504
2488.039551 0.000000 2999.640869 0.000000 0.989616 0.000000 -0.143735 0.785379 0.785379 0.785379
2454.864746 0.000000 2968.751465 0.000000 0.507961 0.000000 -0.861380 1.193124 1.193124 1.193124
2455.428223 0.000000 3003.981445 0.000000 0.548744 0.000000 0.835990 0.586886 0.586886 0.586886
2481.076172 0.000000 2984.111816 0.000000 0.556935 0.000000 0.830556 0.544462 0.544462 0.544462
2478.334961 0.000000 2997.593506 0.000000 0.612479 0.000000 -0.790487 1.023103 1.023103 1.023103
2440.918945 0.000000 2964.518555 0.000000 0.997614 0.000000 0.069037 0.733570 0.733570 0.733570
2493.350342 0.000000 2985.056641 0.000000 0.140718 0.000000 0.990050 0.538531 0.538531 0.538531
2485.700684 0.000000 3004.822266 0.000000 0.059436 0.000000 0.998232 0.189695 0.189695 0.189695
2452.937012 0.000000 2982.087891 0.000000 0.996540 0.000000 0.083114 0.738003 0.738003 0.738003
2442.964844 0.000000 2962.958740 0.000000 0.846955 0.000000 0.531665 0.589410 0.589410 0.589410
2465.443848 0.000000 2972.770508 0.000000 0.999651 0.000000 -0.026430 0.755543 0.755543 0.755543
2474.550049 0.000000 2976.047852 0.000000 0.944538 0.000000 -0.328401 0.811400 0.811400 0.811400
2475.778564 0.000000 2997.149658 0.000000 0.213122 0.000000 0.977026 0.531643 0.531643 0.531643
2479.898926 0.000000 2997.600830 0.000000 0.233007 0.000000 -0.972475 1.150135 1.150135 1.150135
2486.492432 0.000000 3002.029541 0.000000 0.553301 0.000000 0.832981 0.372115 0.372115 0.372115
2437.173584 0.000000 2973.766357 0.000000 0.994039 0.000000 0.109027 0.727090 0.727090 0.727090
2436.850586 0.000000 2965.407959 0.000000 0.204070 0.000000 -0.978956 1.294507 1.294507 1.294507
2486.587402 0.000000 3005.989014 0.000000 0.967906 0.000000 0.251314 0.678175 0.678175 0.678175
2478.689697 0.000000 3012.407227 0.000000 0.389970 0.000000 -0.920827 0.962536 0.962536 0.962536
2490.731689 0.000000 2999.911621 0.000000 0.803346 0.000000 -0.595513 0.974551 0.974551 0.974551
2439.319580 0.000000 2971.701416 0.000000 0.787491 0.000000 0.616326 0.495101 0.495101 0.495101
2477.473633 0.000000 2982.345947 0.000000 0.972637 0.000000 -0.232330 0.823757 0.823757 0.823757
2484.339355 0.000000 2998.461426 0.000000 0.889627 0.000000 -0.456688 0.849459 0.849459 0.849459
2474.187500 0.000000 2977.389404 0.000000 0.928939 0.000000 -0.370232 0.819593 0.819593 0.819593
2439.093994 0.000000 2964.831543 0.000000 0.958456 0.000000 0.285241 0.653593 0.653593 0.653593
2454.203125 0.000000 2971.513184 0.000000 0.925209 0.000000 -0.379459 0.892838 0.892838 0.892838
2485.705811 0.000000 2999.327393 0.000000 0.965891 0.000000 0.258947 0.695070 0.695070 0.695070
2434.597900 0.000000 2964.482666 0.000000 0.965145 0.000000 -0.261715 0.865524 0.865524 0.865524
2478.840820 0.000000 3000.034424 0.000000 0.727757 0.000000 -0.685835 0.958016 0.958016 0.958016
2482.518311 0.000000 2997.267822 0.000000 0.880639 0.000000 0.473787 0.655732 0.655732 0.655732
2444.826172 0.000000 2963.819092 0.000000 0.422725 0.000000 0.906258 0.350695 0.350695 0.350695
2493.648682 0.000000 2998.967773 0.000000 0.989397 0.000000 -0.145238 0.790118 0.790118 0.790118
2432.067627 0.000000 2964.973389 0.000000 0.553584 0.000000 0.832793 0.348290 0.348290 0.348290
2483.315186 0.000000 3002.245117 0.000000 0.594816 0.000000 -0.803862 0.984283 0.984283 0.984283
2478.630371 0.000000 3001.308105 0.000000 0.812175 0.000000 0.583414 0.578543 0.578543 0.578543
2468.369385 0.000000 3012.980469 0.000000 0.341826 0.000000 0.939763 0.386213 0.386213 0.386213
2446.543457 0.000000 2960.599854 0.000000 0.957247 0.000000 -0.289273 0.874185 0.874185 0.874185
2436.322998 0.000000 2974.641602 0.000000 0.014696 0.000000 -0.999892 1.358955 1.358955 1.358955
2456.632080 0.000000 3004.271240 0.000000 0.922985 0.000000 -0.384836 0.842457 0.842457 0.842457
2489.128174 0.000000 2999.329834 0.000000 0.573034 0.000000 -0.819531 0.985620 0.985620 0.985620
2484.555664 0.000000 3004.840088 0.000000 0.772398 0.000000 0.635138 0.494863 0.494863 0.494863
2446.494385 0.000000 2961.811035 0.000000 0.848637 0.000000 -0.528976 0.985869 0.985869 0.985869
2432.687012 0.000000 2976.587646 0.000000 0.593405 0.000000 0.804904 0.327849 0.327849 0.327849
2449.032471 0.000000 2988.207275 0.000000 0.894169 0.000000 0.447729 0.626571 0.626571 0.626571
2480.042725 0.000000 3002.036377 0.000000 0.361841 0.000000 0.932240 0.295918 0.295918 0.295918
2490.942627 0.000000 2998.059082 0.000000 0.667039 0.000000 0.745023 0.454108 0.454108 0.454108
2445.454834 0.000000 2962.259521 0.000000 0.155354 0.000000 0.987859 0.251968 0.251968 0.251968
2436.836914 0.000000 2964.323730 0.000000 0.485860 0.000000 0.874036 0.325871 0.325871 0.325871
2484.839844 0.000000 3002.827637 0.000000 0.828118 0.000000 0.560554 0.550561 0.550561 0.550561
2476.781250 0.000000 2983.209229 0.000000 0.378658 0.000000 -0.925537 1.121958 1.121958 1.121958
2486.760986 0.000000 3003.725830 0.000000 0.674465 0.000000 -0.738307 1.068804 1.068804 1.068804
2431.729980 0.000000 2965.951660 0.000000 0.997441 0.000000 0.071496 0.721997 0.721997 0.721997
2480.022461 0.000000 2996.566650 0.000000 0.820073 0.000000 -0.572260 0.948496 0.948496 0.948496
2433.899902 0.000000 2965.262451 0.000000 0.872439 0.000000 0.488722 0.541570 0.541570 0.541570
2485.133057 0.000000 3004.009521 0.000000 0.528575 0.000000 0.848887 0.374118 0.374118 0.374118
2480.474121 0.000000 3003.029297 0.000000 0.414320 0.000000 -0.910132 1.182541 1.182541 1.182541
2481.595459 0.000000 3003.032715 0.000000 0.623444 0.000000 0.781868 0.410482 0.410482 0.410482
2455.766357 0.000000 2969.017090 0.000000 0.960530 0.000000 -0.278176 0.870344 0.870344 0.870344
2485.681396 0.000000 3005.800781 0.000000 0.038338 0.000000 -0.999265 1.318136 1.318136 1.318136
2481.982178 0.000000 3003.939453 0.000000 0.962836 0.000000 -0.270087 0.853439 0.853439 0.853439
2436.885498 0.000000 2975.452148 0.000000 0.667905 0.000000 -0.744247 1.078488 1.078488 1.078488
2437.727051 0.000000 2965.264648 0.000000 0.999968 0.000000 -0.008029 0.753202 0.753202 0.753202
2436.094238 0.000000 2964.809570 0.000000 0.670496 0.000000 0.741913 0.416615 0.416615 0.416615
2455.015381 0.000000 2969.588623 0.000000 0.405903 0.000000 0.913916 0.257846 0.257846 0.257846
2495.957031 0.000000 2983.253906 0.000000 0.268943 0.000000 -0.963156 1.049053 1.049053 1.049053
2495.742432 0.000000 2999.801514 0.000000 0.989886 0.000000 -0.141868 0.776920 0.776920 0.776920
"}
