object={
	name="tree_pine_01_b_generator_1_0"
	clamp_to_water_level=no
	render_under_water=no
	generated_content=yes
	layer="tree_high_layer"
	pdxmesh="tree_pine_01_b_mesh"
	count=86
	transform="2779.476562 0.000000 3083.522461 0.000000 0.458397 0.000000 -0.888747 0.400000 0.400000 0.400000
2798.983887 0.000000 3106.379395 0.000000 0.989092 0.000000 -0.147296 0.400000 0.400000 0.400000
2815.160645 0.000000 3115.447266 0.000000 0.691997 0.000000 0.721901 0.400000 0.400000 0.400000
2813.181396 0.000000 3084.198730 0.000000 0.490685 0.000000 -0.871337 0.400000 0.400000 0.400000
2803.528320 0.000000 3076.582031 0.000000 0.887172 0.000000 -0.461439 0.400000 0.400000 0.400000
2799.655518 0.000000 3111.763184 0.000000 0.996109 0.000000 0.088129 0.400000 0.400000 0.400000
2783.206299 0.000000 3085.392334 0.000000 0.548256 0.000000 -0.836311 0.400000 0.400000 0.400000
2814.006592 0.000000 3111.637207 0.000000 0.057711 0.000000 -0.998333 0.400000 0.400000 0.400000
2798.477783 0.000000 3120.713135 0.000000 0.357443 0.000000 0.933935 0.400000 0.400000 0.400000
2782.254150 0.000000 3175.728516 0.000000 0.889156 0.000000 0.457604 0.400000 0.400000 0.400000
2796.972900 0.000000 3138.979980 0.000000 0.182954 0.000000 0.983121 0.400000 0.400000 0.400000
2800.886719 0.000000 3151.124268 0.000000 0.994467 0.000000 0.105048 0.400000 0.400000 0.400000
2797.564697 0.000000 3160.551025 0.000000 0.784687 0.000000 -0.619892 0.400000 0.400000 0.400000
2800.392822 0.000000 3130.612549 0.000000 0.278863 0.000000 0.960331 0.400000 0.400000 0.400000
2777.830078 0.000000 3170.111572 0.000000 0.465873 0.000000 0.884852 0.400000 0.400000 0.400000
2803.995117 0.000000 3136.103516 0.000000 0.049775 0.000000 0.998760 0.400000 0.400000 0.400000
2807.838867 0.000000 3166.593750 0.000000 0.243372 0.000000 -0.969933 0.400000 0.400000 0.400000
2805.493896 0.000000 3148.274658 0.000000 0.489726 0.000000 -0.871876 0.400000 0.400000 0.400000
2774.241943 0.000000 3173.077881 0.000000 0.161090 0.000000 0.986940 0.400000 0.400000 0.400000
2804.696533 0.000000 3131.318359 0.000000 0.899589 0.000000 0.436737 0.400000 0.400000 0.400000
2777.941650 0.000000 3175.293457 0.000000 0.586416 0.000000 0.810010 0.400000 0.400000 0.400000
2799.898438 0.000000 3136.409424 0.000000 0.948478 0.000000 0.316842 0.400000 0.400000 0.400000
2803.006836 0.000000 3128.154297 0.000000 0.752463 0.000000 0.658634 0.400000 0.400000 0.400000
2801.812256 0.000000 3133.575439 0.000000 0.843756 0.000000 -0.536726 0.400000 0.400000 0.400000
2805.186523 0.000000 3133.981201 0.000000 0.976889 0.000000 0.213747 0.400000 0.400000 0.400000
2816.194092 0.000000 3078.383057 0.000000 0.662854 0.000000 0.748749 0.400000 0.400000 0.400000
2866.634521 0.000000 3088.702148 0.000000 0.810279 0.000000 -0.586045 0.400000 0.400000 0.400000
2862.167969 0.000000 3095.295166 0.000000 0.614257 0.000000 -0.789106 0.400000 0.400000 0.400000
2823.145996 0.000000 3105.657715 0.000000 0.937003 0.000000 -0.349322 0.400000 0.400000 0.400000
2816.432861 0.000000 3113.232422 0.000000 0.693414 0.000000 0.720540 0.400000 0.400000 0.400000
2819.842773 0.000000 3084.525391 0.000000 0.752538 0.000000 0.658548 0.400000 0.400000 0.400000
2841.822266 0.000000 3090.127197 0.000000 0.191619 0.000000 -0.981469 0.400000 0.400000 0.400000
2838.197021 0.000000 3084.946533 0.000000 0.496766 0.000000 -0.867885 0.400000 0.400000 0.400000
2863.514404 0.000000 3100.584229 0.000000 0.393090 0.000000 -0.919500 0.400000 0.400000 0.400000
2820.204834 0.000000 3101.760010 0.000000 0.415371 0.000000 0.909652 0.400000 0.400000 0.400000
2862.656494 0.000000 3090.751953 0.000000 0.073451 0.000000 -0.997299 0.400000 0.400000 0.400000
2815.721436 0.000000 3082.977295 0.000000 0.885852 0.000000 -0.463968 0.400000 0.400000 0.400000
2819.815186 0.000000 3080.442627 0.000000 0.996059 0.000000 0.088688 0.400000 0.400000 0.400000
2838.292725 0.000000 3088.702881 0.000000 0.809680 0.000000 -0.586871 0.400000 0.400000 0.400000
2835.084473 0.000000 3093.180420 0.000000 0.957708 0.000000 0.287741 0.400000 0.400000 0.400000
2839.217773 0.000000 3090.923828 0.000000 0.994203 0.000000 -0.107522 0.400000 0.400000 0.400000
2912.474609 0.000000 3065.277588 0.000000 0.042286 0.000000 0.999106 0.400000 0.400000 0.400000
2920.653320 0.000000 3099.924805 0.000000 0.184641 0.000000 -0.982806 0.400000 0.400000 0.400000
2899.088623 0.000000 3089.934570 0.000000 0.061252 0.000000 0.998122 0.400000 0.400000 0.400000
2933.606201 0.000000 3062.847900 0.000000 0.955876 0.000000 -0.293770 0.400000 0.400000 0.400000
2885.620117 0.000000 3097.143799 0.000000 0.919101 0.000000 0.394022 0.400000 0.400000 0.400000
2921.121338 0.000000 3066.940186 0.000000 0.310438 0.000000 -0.950594 0.400000 0.400000 0.400000
2910.278564 0.000000 3073.057617 0.000000 0.992253 0.000000 -0.124234 0.400000 0.400000 0.400000
2914.362793 0.000000 3103.077881 0.000000 0.662863 0.000000 -0.748741 0.400000 0.400000 0.400000
2923.198975 0.000000 3073.442871 0.000000 0.768405 0.000000 0.639964 0.400000 0.400000 0.400000
2920.475342 0.000000 3105.636719 0.000000 0.997361 0.000000 0.072599 0.400000 0.400000 0.400000
2927.506592 0.000000 3100.584229 0.000000 0.504813 0.000000 -0.863229 0.400000 0.400000 0.400000
2921.506592 0.000000 3062.007568 0.000000 0.984425 0.000000 -0.175804 0.400000 0.400000 0.400000
2898.494873 0.000000 3099.762695 0.000000 0.706155 0.000000 0.708057 0.400000 0.400000 0.400000
2923.903320 0.000000 3103.017822 0.000000 0.821356 0.000000 0.570415 0.400000 0.400000 0.400000
2915.333252 0.000000 3107.021973 0.000000 0.956192 0.000000 0.292740 0.400000 0.400000 0.400000
2935.019775 0.000000 3058.900879 0.000000 0.987683 0.000000 0.156470 0.400000 0.400000 0.400000
2903.503906 0.000000 3101.577393 0.000000 0.161467 0.000000 0.986878 0.400000 0.400000 0.400000
2911.697021 0.000000 3069.232910 0.000000 0.178076 0.000000 0.984017 0.400000 0.400000 0.400000
2924.037842 0.000000 3098.356445 0.000000 0.919056 0.000000 -0.394126 0.400000 0.400000 0.400000
2827.753906 0.000000 3171.749512 0.000000 0.786251 0.000000 0.617908 0.400000 0.400000 0.400000
2826.437012 0.000000 3176.109131 0.000000 0.134447 0.000000 0.990921 0.400000 0.400000 0.400000
2831.483887 0.000000 3170.441895 0.000000 0.979881 0.000000 -0.199584 0.400000 0.400000 0.400000
2986.305420 0.000000 3089.060791 0.000000 0.108220 0.000000 0.994127 0.400000 0.400000 0.400000
2992.863281 0.000000 3071.139893 0.000000 0.045980 0.000000 -0.998942 0.400000 0.400000 0.400000
2984.645508 0.000000 3099.924805 0.000000 0.999546 0.000000 -0.030136 0.400000 0.400000 0.400000
2990.960449 0.000000 3106.379395 0.000000 0.820002 0.000000 -0.572361 0.400000 0.400000 0.400000
2990.152344 0.000000 3095.295166 0.000000 0.608689 0.000000 0.793409 0.400000 0.400000 0.400000
2997.959717 0.000000 3105.156982 0.000000 0.416621 0.000000 0.909080 0.400000 0.400000 0.400000
2991.498779 0.000000 3100.584229 0.000000 0.563027 0.000000 -0.826439 0.400000 0.400000 0.400000
2990.128174 0.000000 3085.955566 0.000000 0.817183 0.000000 0.576378 0.400000 0.400000 0.400000
2995.004395 0.000000 3109.239502 0.000000 0.806607 0.000000 -0.591088 0.400000 0.400000 0.400000
2990.640869 0.000000 3090.751953 0.000000 0.044897 0.000000 -0.998992 0.400000 0.400000 0.400000
2996.977051 0.000000 3072.477783 0.000000 0.657585 0.000000 -0.753380 0.400000 0.400000 0.400000
2994.269775 0.000000 3103.574951 0.000000 0.283466 0.000000 0.958982 0.400000 0.400000 0.400000
2993.272461 0.000000 3097.420166 0.000000 0.848228 0.000000 -0.529632 0.400000 0.400000 0.400000
2996.441650 0.000000 3079.736328 0.000000 0.685877 0.000000 0.727718 0.400000 0.400000 0.400000
2996.661377 0.000000 3085.928467 0.000000 0.861646 0.000000 -0.507510 0.400000 0.400000 0.400000
2993.183594 0.000000 3085.951416 0.000000 0.999810 0.000000 -0.019488 0.400000 0.400000 0.400000
3000.880371 0.000000 3106.783447 0.000000 0.581672 0.000000 -0.813424 0.400000 0.400000 0.400000
2997.719727 0.000000 3083.264648 0.000000 0.691908 0.000000 -0.721986 0.400000 0.400000 0.400000
3085.101074 0.000000 3073.665771 0.000000 0.407855 0.000000 -0.913047 0.400000 0.400000 0.400000
3086.697510 0.000000 3064.322266 0.000000 0.313108 0.000000 0.949718 0.400000 0.400000 0.400000
3091.777832 0.000000 3061.063721 0.000000 0.745836 0.000000 -0.666130 0.400000 0.400000 0.400000
3088.487793 0.000000 3070.090088 0.000000 0.999972 0.000000 0.007456 0.400000 0.400000 0.400000
3087.943604 0.000000 3073.198486 0.000000 0.961805 0.000000 -0.273736 0.400000 0.400000 0.400000
"}
