object={
	name="bridge 01"
	clamp_to_water_level=no
	render_under_water=yes
	generated_content=no
	layer="temp_layer"
	pdxmesh="bridge_01_mesh"
	count=11
	transform="3388.871582 0.783691 3049.835693 0.000000 -0.063068 0.000000 0.998009 2.203740 2.203740 2.203740
3466.548340 2.216553 3112.125977 0.000000 -0.294692 0.000000 0.955592 2.203740 2.203740 2.203740
2871.164062 0.000000 3207.200928 0.000000 -0.058926 0.000000 0.998262 1.482739 1.482739 1.482739
3056.566162 1.356689 3169.204102 0.000000 -0.273957 0.000000 -0.961743 1.626738 1.626738 1.626738
2959.614014 1.752197 3266.087402 0.000000 -0.694937 0.000000 -0.719071 1.382490 1.382490 1.382490
2993.874023 0.696045 3207.762939 0.000000 0.216741 0.000000 0.976230 1.382490 1.382490 1.382490
2938.299805 1.290527 3239.636963 0.000000 0.224629 0.000000 0.974445 1.524596 1.524596 1.524596
2922.419189 0.000000 3235.889160 0.000000 0.869957 0.000000 0.493128 1.524596 1.524596 1.524596
2884.868408 1.202637 3282.392090 0.000000 -0.103309 0.000000 -0.994650 1.393183 1.393183 1.393183
2860.962646 1.487305 3265.263916 0.000000 0.603716 0.000000 -0.797200 1.561365 1.561365 1.561365
2856.056641 1.228516 3250.259521 0.000000 0.973533 0.000000 0.228548 1.357276 1.357276 1.357276
"}
