object={
	name="env_coast_foam_l"
	clamp_to_water_level=yes
	render_under_water=yes
	generated_content=no
	layer="coast_foam_layer"
	entity="env_coast_foam_l"
	count=11
	transform="3628.786865 0.000000 182.401566 0.000000 -0.412226 0.000000 0.911081 1.000000 1.000000 1.000000
3613.851807 0.000000 163.905991 0.000000 -0.412226 0.000000 0.911081 1.000000 1.000000 1.000000
3599.320801 0.000000 147.919724 0.000000 -0.412226 0.000000 0.911081 1.000000 1.000000 1.000000
3586.049805 0.000000 132.486572 0.000000 -0.412226 0.000000 0.911081 1.000000 1.000000 1.000000
3571.906982 0.000000 115.157196 0.000000 -0.412226 0.000000 0.911081 1.000000 1.000000 1.000000
3553.591797 0.000000 93.487686 0.000000 -0.412226 0.000000 0.911081 1.000000 1.000000 1.000000
3536.115234 0.000000 72.078560 0.000000 -0.412226 0.000000 0.911081 1.000000 1.000000 1.000000
5297.874023 0.000000 304.403900 0.000000 0.580981 0.000000 0.813917 1.000000 1.000000 1.000000
5308.645020 0.000000 281.070831 0.000000 0.520959 0.000000 0.853582 1.000000 1.000000 1.000000
5333.065918 0.000000 259.730072 0.000000 0.118132 0.000000 0.992998 1.000000 1.000000 1.000000
5359.840820 0.000000 263.666077 0.000000 -0.212718 0.000000 0.977114 1.000000 1.000000 1.000000
"}
object={
	name="env_coast_foam_m"
	clamp_to_water_level=yes
	render_under_water=yes
	generated_content=no
	layer="coast_foam_layer"
	entity="env_coast_foam_m"
	count=2
	transform="3678.858398 0.000000 252.886368 0.000000 -0.475806 0.000000 0.879550 1.000000 1.000000 1.000000
3688.323242 0.000000 264.373322 0.000000 -0.345540 0.000000 0.938404 1.000000 1.000000 1.000000
"}
object={
	name="env_coast_foam_s"
	clamp_to_water_level=yes
	render_under_water=yes
	generated_content=no
	layer="coast_foam_layer"
	entity="env_coast_foam_s"
	count=0
}
