object={
	name="imperial_cathedrals"
	clamp_to_water_level=no
	render_under_water=no
	generated_content=no
	layer="building_layer"
	pdxmesh="building_special_notre_dame_mesh"
	count=6
	transform="4023.407471 0.000000 2546.637207 0.000000 -0.675047 0.000000 0.737775 1.000000 1.000000 1.000000
3636.010986 0.000000 2734.602051 0.000000 0.000000 0.000000 1.000000 1.022412 1.022412 1.022412
3258.350098 0.000000 2554.973145 0.000000 -0.963968 0.000000 -0.266019 1.000000 1.000000 1.000000
2922.052734 0.000000 2126.777588 0.000000 0.532915 0.000000 0.846169 1.000000 1.000000 1.000000
2806.049805 0.000000 2064.802002 0.000000 0.771364 0.000000 0.636394 1.028613 1.028613 1.028613
3267.256104 0.813477 2180.241699 0.000000 0.000000 0.000000 1.000000 1.000000 1.000000 1.000000
"}
