object={
	name="waterfall"
	clamp_to_water_level=no
	render_under_water=no
	generated_content=no
	layer="env_effect_layer"
	entity="waterfall"
	count=26
	transform="2527.707520 1.778076 2984.306641 0.000000 0.761959 0.000000 0.647625 1.626741 1.626741 1.626741
2544.591797 1.736816 3007.006836 0.000000 0.000000 0.000000 1.000000 1.534082 1.534082 1.534082
2992.422852 1.669434 3017.544678 0.000000 -0.292650 0.000000 0.956219 1.340925 1.340925 1.340925
2833.715332 0.216064 3046.195312 0.000000 0.516654 0.000000 0.856194 1.085986 1.085986 1.085986
2939.584473 1.321533 3001.548096 0.000000 -0.232562 0.000000 0.972582 1.091064 1.091064 1.091064
2607.679688 1.607422 2645.942627 0.000000 0.270425 0.000000 0.962741 1.010132 1.010132 1.010132
395.808441 0.976074 2955.695801 0.000000 -0.994229 0.000000 0.107283 1.281194 1.281194 1.281194
3084.257568 1.199219 3128.086670 0.000000 -0.999966 0.000000 -0.008214 1.758311 1.758311 1.758311
3002.431641 -0.441650 3204.215088 0.000000 0.821863 0.000000 0.569685 1.929407 1.929407 1.929407
2836.101074 3.240967 3255.496826 0.000000 0.811941 0.000000 -0.583739 1.728491 1.728491 1.728491
2904.422119 0.807129 3212.516357 0.000000 0.907767 0.000000 -0.419474 1.000000 1.000000 1.000000
2996.813232 1.180664 3391.542725 0.000000 -0.950073 0.000000 -0.312027 1.578540 1.578540 1.578540
2995.379639 1.822510 3391.005615 0.000000 -0.950073 0.000000 -0.312027 1.578540 1.578540 1.578540
2905.865967 1.810303 3460.357178 0.000000 -0.824196 0.000000 0.566305 1.216675 1.216675 1.216675
3123.917969 2.623779 3376.047363 0.000000 -0.999592 0.000000 0.028556 1.338037 1.338037 1.338037
3117.750732 2.604736 3373.933350 0.000000 -0.897136 0.000000 -0.441756 1.382508 1.382508 1.382508
3088.903809 -0.236816 3418.479980 0.000000 0.929927 0.000000 0.367745 1.668304 1.668304 1.668304
3065.065186 0.546631 3435.507812 0.000000 -0.838889 0.000000 0.544302 1.057886 1.057886 1.057886
3490.594971 -0.473389 3163.697021 0.000000 -0.992289 0.000000 0.123944 2.636755 2.636755 2.636755
3499.810547 0.989990 3170.030029 0.000000 0.892861 0.000000 -0.450332 1.975722 1.975722 1.975722
3156.219971 1.882324 3391.644531 0.000000 -0.988534 0.000000 0.150997 1.707131 1.707131 1.707131
2440.452393 2.531494 3284.184814 0.000000 -0.999135 0.000000 0.041579 1.000000 1.000000 1.000000
2489.604492 2.660645 3278.779785 0.000000 -0.936233 0.000000 -0.351379 1.177979 1.177979 1.177979
2513.985352 4.209229 3295.750488 0.000000 -0.865309 0.000000 -0.501238 1.000000 1.000000 1.000000
2593.980225 2.015381 3390.412842 0.000000 -0.951153 0.000000 -0.308720 1.000000 1.000000 1.000000
2703.314209 1.338867 3489.710693 0.000000 -0.934604 0.000000 -0.355690 1.000000 1.000000 1.000000
"}
object={
	name="waterfall_bottom"
	clamp_to_water_level=no
	render_under_water=no
	generated_content=no
	layer="env_effect_layer"
	entity="waterfall_bottom"
	count=25
	transform="2528.753906 2.280029 2984.300537 0.000000 0.658575 0.000000 -0.752515 0.787378 0.787378 0.787378
2545.101807 0.000000 3008.091064 0.000000 0.997177 0.000000 0.075090 0.787378 0.787378 0.787378
2992.427979 1.776123 3017.071777 0.000000 -0.024534 0.000000 0.999699 0.510132 0.510132 0.510132
2833.587646 0.831543 3046.031006 0.000000 0.460679 0.000000 0.887567 0.403131 0.403131 0.403131
2939.704590 1.570312 3001.174316 0.000000 0.210084 0.000000 -0.977683 0.533897 0.533897 0.533897
2608.031494 0.770508 2646.361084 0.000000 -0.968162 0.000000 0.250326 0.413912 0.413912 0.413912
395.375092 0.000000 2953.844971 0.000000 0.137272 0.000000 0.990533 0.561792 0.561792 0.561792
3083.522705 0.671387 3126.846436 0.000000 0.370557 0.000000 0.928810 0.631421 0.631421 0.631421
3004.383301 1.169434 3203.775635 0.000000 0.550876 0.000000 -0.834587 0.422899 0.422899 0.422899
2903.948242 0.492676 3212.074707 0.000000 0.565730 0.000000 0.824591 0.370536 0.370536 0.370536
2836.245850 2.976074 3255.331055 0.000000 0.806063 0.000000 0.591830 0.596558 0.596558 0.596558
2996.753418 0.087891 3389.326660 0.000000 0.000000 0.000000 1.000000 0.623223 0.623223 0.623223
2905.612061 0.982910 3460.562744 0.000000 -0.583678 0.000000 -0.811985 0.372462 0.372462 0.372462
3123.797119 0.469727 3375.371582 0.000000 -0.150548 0.000000 0.988603 0.428246 0.428246 0.428246
3118.136963 1.859619 3373.337891 0.000000 -0.368260 0.000000 0.929723 0.462608 0.462608 0.462608
3090.266113 0.445801 3417.110596 0.000000 -0.397325 0.000000 0.917678 0.436862 0.436862 0.436862
3064.513428 0.364990 3435.349854 0.000000 -0.523268 0.000000 -0.852169 0.402872 0.402872 0.402872
3489.620605 -0.196045 3160.284912 0.000000 0.179953 0.000000 0.983675 0.731793 0.731793 0.731793
3498.708496 0.088135 3168.638184 0.000000 0.380879 0.000000 0.924625 0.710938 0.710938 0.710938
3155.751709 -0.310059 3389.638916 0.000000 0.192067 0.000000 0.981382 0.552612 0.552612 0.552612
2440.575684 0.116943 3284.303955 0.000000 0.089875 0.000000 0.995953 0.461353 0.461353 0.461353
2489.025635 1.101807 3279.483398 0.000000 -0.196258 0.000000 0.980552 0.502905 0.502905 0.502905
2514.468994 -1.803467 3295.334717 0.000000 -0.536680 0.000000 0.843786 0.571143 0.571143 0.571143
2594.593750 -1.001465 3389.711670 0.000000 -0.243203 0.000000 0.969975 0.515389 0.515389 0.515389
2703.876465 -0.464600 3489.272949 0.000000 -0.379327 0.000000 0.925263 0.443457 0.443457 0.443457
"}
