object={
	name="desert_fogs"
	clamp_to_water_level=no
	render_under_water=no
	generated_content=no
	layer="env_effect_layer"
	entity="env_desert_plains_ambient"
	count=4
	transform="2468.166748 0.000000 2744.605469 0.000000 0.095731 0.000000 -0.995407 0.476339 0.476339 0.476339
2431.146729 0.000000 2756.127930 0.000000 0.095731 0.000000 -0.995407 0.476339 0.476339 0.476339
2176.275391 0.000000 2659.775635 0.000000 0.787567 0.000000 -0.616229 0.795972 0.795972 0.795972
2102.668701 0.000000 2643.226074 0.000000 0.787567 0.000000 -0.616229 1.000000 1.000000 1.000000
"}
object={
	name="desert_storm"
	clamp_to_water_level=no
	render_under_water=no
	generated_content=no
	layer="env_effect_layer"
	entity="env_desert_plains"
	count=18
	transform="2685.816895 -2.764160 2652.779053 0.000000 -0.054935 0.000000 0.998490 0.832188 0.832188 0.832188
2661.552490 -2.764160 2661.919678 0.000000 -0.054935 0.000000 0.998490 0.832188 0.832188 0.832188
2650.948975 -2.764160 2742.891357 0.000000 -0.392531 0.000000 0.919739 1.211058 1.211058 1.211058
2692.557129 -2.764160 2753.735596 0.000000 -0.392531 0.000000 0.919739 1.706252 1.706252 1.706252
2748.496094 -2.764160 2769.772461 0.000000 -0.392531 0.000000 0.919739 2.131384 2.131384 2.131384
2540.408936 0.000000 2774.010986 0.000000 -0.522662 0.000000 0.852540 0.729667 0.729667 0.729667
2545.021973 0.000000 2701.939453 -0.000000 0.033794 0.000000 0.999429 0.729667 0.729667 0.729667
2520.715332 0.000000 2708.680908 -0.000000 0.033794 0.000000 0.999429 0.729667 0.729667 0.729667
2394.756348 0.000000 2704.797119 0.000000 -0.247818 0.000000 0.968807 0.729667 0.729667 0.729667
2371.454102 0.000000 2689.299316 0.000000 -0.247818 0.000000 0.968807 0.729667 0.729667 0.729667
2343.779541 0.000000 2682.178223 0.000000 -0.247818 0.000000 0.968807 0.729667 0.729667 0.729667
2331.917969 0.000000 2672.322998 0.000000 -0.247818 0.000000 0.968807 0.443581 0.443581 0.443581
2324.171631 0.000000 2666.594482 0.000000 -0.247818 0.000000 0.968807 0.443581 0.443581 0.443581
2311.623535 0.000000 2660.646729 0.000000 -0.247818 0.000000 0.968807 0.443581 0.443581 0.443581
2358.169678 0.000000 2750.866455 0.000000 -0.247818 0.000000 0.968807 0.820386 0.820386 0.820386
2331.228760 0.000000 2735.843506 0.000000 -0.247818 0.000000 0.968807 0.820386 0.820386 0.820386
2301.105225 0.000000 2727.413818 0.000000 -0.247818 0.000000 0.968807 1.000000 1.000000 1.000000
2278.536377 0.000000 2708.746582 0.000000 -0.247818 0.000000 0.968807 1.000000 1.000000 1.000000
"}
object={
	name="forest fog"
	clamp_to_water_level=no
	render_under_water=no
	generated_content=no
	layer="env_effect_layer"
	entity="env_sea_fog_large"
	count=13
	transform="3305.193604 0.747559 3055.370117 0.000000 -0.670418 0.000000 0.741984 0.658474 0.658474 0.658474
3262.538574 0.216797 3514.252441 0.000000 -0.997367 0.000000 0.072520 0.495921 0.495921 0.495921
3195.946533 0.216797 3528.579346 0.000000 -0.624061 0.000000 -0.781376 0.495921 0.495921 0.495921
3296.277588 0.234864 3071.021240 0.000000 -0.782887 0.000000 0.622164 1.000000 1.000000 1.000000
3274.231445 -3.341552 3068.893066 0.000000 -0.180974 0.000000 0.983488 1.000000 1.000000 1.000000
3336.867432 -3.341552 3064.461182 0.000000 -0.180974 0.000000 0.983488 1.000000 1.000000 1.000000
3298.468994 -3.341552 3059.497070 0.000000 -0.180974 0.000000 0.983488 1.000000 1.000000 1.000000
3281.747559 -3.341552 3089.165527 0.000000 -0.180974 0.000000 0.983488 1.000000 1.000000 1.000000
3240.201172 -5.458984 3518.481934 0.000000 0.000000 0.000000 1.000000 1.000000 1.000000 1.000000
3262.298096 -2.078613 3547.947510 0.000000 0.000000 0.000000 1.000000 1.000000 1.000000 1.000000
3186.388672 -0.420654 3519.753418 0.000000 0.617042 0.000000 0.786930 0.525928 0.525928 0.525928
3253.510742 0.000000 3469.860840 0.000000 -0.699624 0.000000 0.714511 0.765356 0.765356 0.765356
4028.188721 3.150391 1730.037476 0.000000 0.294605 0.000000 0.955619 0.690442 0.690442 0.690442
"}
object={
	name="smoke"
	clamp_to_water_level=no
	render_under_water=no
	generated_content=no
	layer="env_effect_layer"
	entity="city_siege_effect"
	count=2
	transform="712.562866 -3.200195 2843.362061 0.000000 -0.031052 0.000000 0.999518 2.423182 2.423182 2.423182
4517.275879 -2.099854 3173.743408 0.000000 -0.760998 0.000000 0.648754 7.191827 7.191827 7.191827
"}
