object={
	name="lakes"
	clamp_to_water_level=yes
	render_under_water=no
	generated_content=no
	layer="lake_layer"
	pdxmesh="lake_mesh"
	count=15
	transform="2652.569092 0.097412 3395.548340 0.000000 0.699646 0.000000 0.714489 18.397093 18.397093 18.397093
2432.828369 -0.521240 3243.847656 0.000000 0.314863 0.000000 0.949137 11.960835 11.960835 11.960835
2003.169556 0.965332 2402.538818 0.000000 0.134131 0.000000 0.990964 7.826490 7.826490 7.826490
2822.538330 0.568359 3022.150635 0.000000 0.737015 0.000000 0.675876 3.478584 3.478584 3.478584
2830.392578 0.984863 3045.175293 0.000000 0.577250 0.000000 0.816568 8.764936 8.764936 8.764936
2820.820312 -0.144043 3041.371338 0.000000 0.577250 0.000000 0.816568 16.742924 16.742924 16.742924
2809.282471 1.145752 3039.020752 0.000000 0.577250 0.000000 0.816568 10.352149 10.352149 10.352149
2888.115479 -0.268799 2961.134521 0.000000 0.000000 0.000000 1.000000 16.551971 16.551971 16.551971
2994.024170 -0.251953 3008.807129 0.000000 0.693626 0.000000 0.720336 22.587391 22.587391 22.587391
2950.661621 1.384277 3001.345459 0.000000 0.313096 0.000000 0.949722 6.527793 6.527793 6.527793
2945.324951 1.339111 2995.286865 0.000000 0.313096 0.000000 0.949722 6.527793 6.527793 6.527793
3016.992188 0.752197 2930.243408 0.000000 0.644787 0.000000 0.764362 8.096442 8.096442 8.096442
3086.914551 -0.101807 2955.904297 0.000000 0.000000 0.000000 1.000000 16.465454 16.465454 16.465454
3203.467285 3.289063 2836.901367 0.000000 0.211465 0.000000 0.977386 22.801094 22.801094 22.801094
3019.237305 1.291016 2853.119629 0.000000 -0.057189 0.000000 0.998363 32.342072 32.342072 32.342072
"}
object={
	name="lakes_variant_1"
	clamp_to_water_level=no
	render_under_water=no
	generated_content=no
	layer="lake_layer"
	pdxmesh="lake_mesh"
	count=5
	transform="2643.681885 0.390625 3079.937500 0.000000 0.029078 0.000000 -0.999577 6.221544 6.221544 6.221544
2649.329102 0.114502 3128.815186 0.000000 0.029078 0.000000 -0.999577 15.185888 15.185888 15.185888
2687.655762 1.095947 3115.010254 0.000000 -0.399201 0.000000 -0.916863 17.893776 17.893776 17.893776
2655.921875 0.758789 2914.556152 0.000000 -0.137171 0.000000 -0.990547 10.990929 10.990929 10.990929
2671.474854 1.644775 3091.004150 0.000000 -0.399201 0.000000 -0.916863 38.806007 38.806007 38.806007
"}
object={
	name="lakes_variant_2"
	clamp_to_water_level=yes
	render_under_water=yes
	generated_content=no
	layer="lake_layer"
	pdxmesh="lake_mesh"
	count=5
	transform="2526.085693 0.637695 2941.500732 0.000000 0.626286 0.000000 -0.779594 20.344055 20.344055 20.344055
2546.812744 0.827148 2965.058105 0.000000 0.626286 0.000000 -0.779594 15.602392 15.602392 15.602392
2537.879395 0.655273 2975.934082 0.000000 0.626286 0.000000 -0.779594 15.956837 15.956837 15.956837
2546.408203 1.064453 2997.336426 0.000000 0.753630 0.000000 -0.657299 16.731384 16.731384 16.731384
2543.779053 0.174561 3021.955566 0.000000 0.753630 0.000000 -0.657299 11.530344 11.530344 11.530344
"}
